#  AH 79-100 C AIRFOIL                             
#  alpha =  -2.5000
#  Mach  =   0.0000
#  Reyn  =  1000000
#  Ncrit =   9.0000
#
#    x           cf
   0.155661E-02  0.116826E-02
   0.218676E-02  0.307769E-02
   0.292856E-02  0.281691E-02
   0.377458E-02  0.582226E-02
   0.470924E-02  0.348239E-02
   0.572383E-02  0.622246E-02
   0.682801E-02  0.578633E-02
   0.803471E-02  0.663893E-02
   0.936206E-02  0.617173E-02
   0.108353E-01  0.757794E-02
   0.124792E-01  0.608846E-02
   0.143165E-01  0.679144E-02
   0.163648E-01  0.610069E-02
   0.186244E-01  0.694382E-02
   0.210864E-01  0.699742E-02
   0.237439E-01  0.762044E-02
   0.266015E-01  0.695445E-02
   0.296937E-01  0.709155E-02
   0.330625E-01  0.620268E-02
   0.367334E-01  0.573832E-02
   0.406870E-01  0.632235E-02
   0.448589E-01  0.596334E-02
   0.491911E-01  0.622253E-02
   0.536629E-01  0.612270E-02
   0.582936E-01  0.548028E-02
   0.630968E-01  0.543734E-02
   0.680587E-01  0.523091E-02
   0.731341E-01  0.528979E-02
   0.782821E-01  0.534132E-02
   0.834888E-01  0.511986E-02
   0.887708E-01  0.477358E-02
   0.941536E-01  0.469282E-02
   0.996431E-01  0.452547E-02
   0.105217      0.435939E-02
   0.110829      0.453452E-02
   0.116448      0.448094E-02
   0.122070      0.448398E-02
   0.127717      0.420554E-02
   0.133426      0.400067E-02
   0.139216      0.380616E-02
   0.145090      0.359286E-02
   0.151022      0.360494E-02
   0.156980      0.366499E-02
   0.162943      0.358614E-02
   0.168906      0.360525E-02
   0.174880      0.351527E-02
   0.180884      0.340809E-02
   0.186928      0.327755E-02
   0.193012      0.322524E-02
   0.199126      0.315965E-02
   0.205255      0.315298E-02
   0.211388      0.309107E-02
   0.217522      0.309924E-02
   0.223664      0.303658E-02
   0.229826      0.290113E-02
   0.236020      0.286267E-02
   0.242248      0.274811E-02
   0.248505      0.271696E-02
   0.254778      0.269263E-02
   0.261051      0.271830E-02
   0.267315      0.266263E-02
   0.273569      0.270946E-02
   0.279819      0.261885E-02
   0.286079      0.261387E-02
   0.292361      0.246325E-02
   0.298671      0.245629E-02
   0.305007      0.234992E-02
   0.311363      0.235053E-02
   0.317724      0.231677E-02
   0.324082      0.231717E-02
   0.330430      0.231904E-02
   0.336770      0.230881E-02
   0.343107      0.227720E-02
   0.349450      0.220563E-02
   0.355805      0.218597E-02
   0.362175      0.213069E-02
   0.368560      0.209240E-02
   0.374955      0.205800E-02
   0.381356      0.203512E-02
   0.387756      0.202763E-02
   0.394154      0.200923E-02
   0.400548      0.197910E-02
   0.406941      0.198396E-02
   0.413334      0.194006E-02
   0.419728      0.192016E-02
   0.426126      0.189659E-02
   0.432527      0.187993E-02
   0.438930      0.183365E-02
   0.445334      0.183263E-02
   0.451738      0.181021E-02
   0.458141      0.177549E-02
   0.464541      0.176865E-02
   0.470939      0.175065E-02
   0.477333      0.170642E-02
   0.483723      0.170485E-02
   0.490109      0.167974E-02
   0.496490      0.166110E-02
   0.502868      0.162096E-02
   0.509242      0.160276E-02
   0.515614      0.156773E-02
   0.521981      0.153810E-02
   0.528346      0.149511E-02
   0.534706      0.146259E-02
   0.541061      0.141492E-02
   0.547411      0.137486E-02
   0.553756      0.133393E-02
   0.560098      0.127470E-02
   0.566440      0.122252E-02
   0.572784      0.116118E-02
   0.579134      0.110212E-02
   0.585490      0.103716E-02
   0.591851      0.978584E-03
   0.598214      0.927615E-03
   0.604576      0.869572E-03
   0.610931      0.820379E-03
   0.617279      0.767287E-03
   0.623618      0.712848E-03
   0.629952      0.652173E-03
   0.636284      0.593841E-03
   0.642619      0.528549E-03
   0.648960      0.462611E-03
   0.655308      0.399664E-03
   0.661661      0.340542E-03
   0.668018      0.282021E-03
   0.674376      0.227318E-03
   0.680733      0.178693E-03
   0.687087      0.131742E-03
   0.693438      0.901133E-04
   0.699786      0.513943E-04
   0.706133      0.167151E-04
   0.712479     -0.107805E-04
   0.718823     -0.364736E-04
   0.725167     -0.585278E-04
   0.731511     -0.745927E-04
   0.737853     -0.882955E-04
   0.744192     -0.974049E-04
   0.750527     -0.104736E-03
   0.756854     -0.108926E-03
   0.763171     -0.110969E-03
   0.769478     -0.110310E-03
   0.775777     -0.107369E-03
   0.782069     -0.100459E-03
   0.788361     -0.884696E-04
   0.794652     -0.658008E-04
   0.800942     -0.212409E-04
   0.807226      0.185734E-03
   0.813497      0.611088E-03
   0.819750      0.125898E-02
   0.825985      0.200581E-02
   0.832203      0.273953E-02
   0.838409      0.337840E-02
   0.844607      0.389227E-02
   0.850796      0.428604E-02
   0.856970      0.459749E-02
   0.863123      0.481407E-02
   0.869251      0.497113E-02
   0.875355      0.506803E-02
   0.881440      0.511794E-02
   0.887509      0.513959E-02
   0.893554      0.512388E-02
   0.899557      0.511366E-02
   0.905492      0.508270E-02
   0.911345      0.503560E-02
   0.917116      0.496014E-02
   0.922818      0.483099E-02
   0.928456      0.466980E-02
   0.934017      0.448941E-02
   0.939480      0.427739E-02
   0.944833      0.400281E-02
   0.950095      0.367490E-02
   0.955303      0.328394E-02
   0.960476      0.286427E-02
   0.965586      0.246181E-02
   0.970574      0.206032E-02
   0.975386      0.166913E-02
   0.980008      0.132899E-02
   0.984482      0.107819E-02
   0.988834      0.895630E-03
   0.992988      0.740507E-03
   0.996824      0.564531E-03
    1.00000      0.448467E-03
    1.00010       0.00000    
    1.00336       0.00000    
    1.00693       0.00000    
    1.01081       0.00000    
    1.01505       0.00000    
    1.01968       0.00000    
    1.02472       0.00000    
    1.03021       0.00000    
    1.03620       0.00000    
    1.04272       0.00000    
    1.04983       0.00000    
    1.05758       0.00000    
    1.06602       0.00000    
    1.07521       0.00000    
    1.08522       0.00000    
    1.09612       0.00000    
    1.10800       0.00000    
    1.12093       0.00000    
    1.13502       0.00000    
    1.15036       0.00000    
    1.16706       0.00000    
    1.18524       0.00000    
    1.20504       0.00000    
    1.22660       0.00000    
    1.25007       0.00000    
    1.27562       0.00000    
    1.30343       0.00000    
    1.33371       0.00000    
    1.36667       0.00000    
    1.40255       0.00000    
    1.44160       0.00000    
    1.48411       0.00000    
    1.53038       0.00000    
    1.58073       0.00000    
    1.63554       0.00000    
    1.69519       0.00000    
    1.76010       0.00000    
    1.83075       0.00000    
    1.90763       0.00000    
    1.99129       0.00000    

   0.104048E-02  0.107651E-02
   0.636134E-03  0.375582E-02
   0.335010E-03  0.788017E-02
   0.128880E-03  0.937603E-02
   0.119824E-04  0.141927E-01
  -0.185939E-04  0.203990E-01
   0.374342E-04  0.211451E-01
   0.186770E-03  0.323276E-01
   0.443205E-03  0.323620E-01
   0.825391E-03  0.417051E-01
   0.135655E-02  0.325333E-01
   0.204375E-02  0.260667E-01
   0.287174E-02  0.191984E-01
   0.381793E-02  0.119967E-01
   0.484979E-02  0.145032E-01
   0.594955E-02  0.158426E-01
   0.712232E-02  0.182550E-01
   0.837649E-02  0.165569E-01
   0.972574E-02  0.145605E-01
   0.111899E-01  0.805355E-02
   0.127879E-01  0.366387E-02
   0.145397E-01  0.545442E-03
   0.164634E-01 -0.887356E-03
   0.185669E-01 -0.100780E-02
   0.208533E-01 -0.955051E-03
   0.233275E-01 -0.889820E-03
   0.259980E-01 -0.828513E-03
   0.288936E-01 -0.781192E-03
   0.320658E-01 -0.728857E-03
   0.355735E-01 -0.676432E-03
   0.394642E-01 -0.641760E-03
   0.437389E-01  0.967416E-03
   0.483584E-01  0.424604E-02
   0.532788E-01  0.606805E-02
   0.584909E-01  0.653710E-02
   0.639870E-01  0.678622E-02
   0.697242E-01  0.666331E-02
   0.756236E-01  0.658820E-02
   0.816180E-01  0.640235E-02
   0.876862E-01  0.609233E-02
   0.938457E-01  0.574590E-02
   0.100100      0.545941E-02
   0.106417      0.530838E-02
   0.112734      0.520831E-02
   0.119019      0.513571E-02
   0.125280      0.501191E-02
   0.131564      0.482642E-02
   0.137920      0.458530E-02
   0.144369      0.439631E-02
   0.150900      0.423573E-02
   0.157477      0.411552E-02
   0.164069      0.402612E-02
   0.170658      0.393309E-02
   0.177239      0.384827E-02
   0.183815      0.376786E-02
   0.190389      0.368376E-02
   0.196966      0.364207E-02
   0.203548      0.357423E-02
   0.210137      0.356068E-02
   0.216732      0.352222E-02
   0.223327      0.346069E-02
   0.229919      0.342165E-02
   0.236502      0.336011E-02
   0.243078      0.331567E-02
   0.249650      0.326733E-02
   0.256226      0.322769E-02
   0.262815      0.321131E-02
   0.269419      0.316448E-02
   0.276035      0.314824E-02
   0.282657      0.311787E-02
   0.289273      0.307881E-02
   0.295877      0.305184E-02
   0.302466      0.301056E-02
   0.309044      0.298286E-02
   0.315616      0.295674E-02
   0.322191      0.293946E-02
   0.328772      0.291856E-02
   0.335360      0.289429E-02
   0.341953      0.287848E-02
   0.348547      0.285034E-02
   0.355137      0.283319E-02
   0.361721      0.280498E-02
   0.368297      0.279277E-02
   0.374867      0.276586E-02
   0.381432      0.274483E-02
   0.387992      0.273492E-02
   0.394552      0.271515E-02
   0.401111      0.269965E-02
   0.407673      0.269238E-02
   0.414239      0.267548E-02
   0.420809      0.266475E-02
   0.427384      0.265457E-02
   0.433961      0.264244E-02
   0.440537      0.263266E-02
   0.447108      0.261776E-02
   0.453675      0.261229E-02
   0.460237      0.260029E-02
   0.466799      0.258991E-02
   0.473365      0.258521E-02
   0.479939      0.257903E-02
   0.486525      0.257661E-02
   0.493123      0.256785E-02
   0.499728      0.256192E-02
   0.506336      0.255471E-02
   0.512941      0.254326E-02
   0.519539      0.253280E-02
   0.526131      0.252234E-02
   0.532719      0.251539E-02
   0.539308      0.250245E-02
   0.545902      0.249408E-02
   0.552503      0.248656E-02
   0.559111      0.247878E-02
   0.565721      0.246513E-02
   0.572326      0.245635E-02
   0.578921      0.243910E-02
   0.585503      0.242839E-02
   0.592074      0.241492E-02
   0.598639      0.240472E-02
   0.605207      0.239719E-02
   0.611784      0.238696E-02
   0.618374      0.238358E-02
   0.624976      0.237494E-02
   0.631584      0.236263E-02
   0.638188      0.234973E-02
   0.644780      0.233858E-02
   0.651358      0.232413E-02
   0.657921      0.231061E-02
   0.664473      0.230021E-02
   0.671023      0.228912E-02
   0.677574      0.228186E-02
   0.684130      0.227165E-02
   0.690692      0.226388E-02
   0.697259      0.225483E-02
   0.703827      0.224634E-02
   0.710393      0.223750E-02
   0.716957      0.222599E-02
   0.723514      0.221672E-02
   0.730063      0.220489E-02
   0.736604      0.219478E-02
   0.743135      0.218566E-02
   0.749660      0.217338E-02
   0.756179      0.216432E-02
   0.762696      0.215712E-02
   0.769213      0.215017E-02
   0.775729      0.214169E-02
   0.782243      0.213541E-02
   0.788755      0.212639E-02
   0.795263      0.211973E-02
   0.801765      0.211190E-02
   0.808261      0.210255E-02
   0.814748      0.209421E-02
   0.821225      0.208748E-02
   0.827689      0.207638E-02
   0.834139      0.207167E-02
   0.840572      0.206529E-02
   0.846991      0.205962E-02
   0.853401      0.205386E-02
   0.859812      0.205451E-02
   0.866230      0.205253E-02
   0.872652      0.205136E-02
   0.879060      0.204550E-02
   0.885433      0.204324E-02
   0.891763      0.203355E-02
   0.898059      0.203361E-02
   0.904342      0.203750E-02
   0.910624      0.204334E-02
   0.916889      0.204543E-02
   0.923100      0.204845E-02
   0.929230      0.204627E-02
   0.935290      0.205845E-02
   0.941305      0.207555E-02
   0.947269      0.209504E-02
   0.953121      0.211289E-02
   0.958804      0.213306E-02
   0.964324      0.217055E-02
   0.969710      0.222290E-02
   0.974894      0.226915E-02
   0.979753      0.231870E-02
   0.984281      0.242784E-02
   0.988587      0.264334E-02
   0.992739      0.278748E-02
   0.996687      0.303047E-02
    1.00000      0.278516E-02
    1.00010       0.00000    
    1.00336       0.00000    
    1.00693       0.00000    
    1.01081       0.00000    
    1.01505       0.00000    
    1.01968       0.00000    
    1.02472       0.00000    
    1.03021       0.00000    
    1.03620       0.00000    
    1.04272       0.00000    
    1.04983       0.00000    
    1.05758       0.00000    
    1.06602       0.00000    
    1.07521       0.00000    
    1.08522       0.00000    
    1.09612       0.00000    
    1.10800       0.00000    
    1.12093       0.00000    
    1.13502       0.00000    
    1.15036       0.00000    
    1.16706       0.00000    
    1.18524       0.00000    
    1.20504       0.00000    
    1.22660       0.00000    
    1.25007       0.00000    
    1.27562       0.00000    
    1.30343       0.00000    
    1.33371       0.00000    
    1.36667       0.00000    
    1.40255       0.00000    
    1.44160       0.00000    
    1.48411       0.00000    
    1.53038       0.00000    
    1.58073       0.00000    
    1.63554       0.00000    
    1.69519       0.00000    
    1.76010       0.00000    
    1.83075       0.00000    
    1.90763       0.00000    
    1.99129       0.00000    

