#  AH 79-100 C AIRFOIL                             
#  alpha =  -6.0000
#  Mach  =   0.0000
#  Reyn  =100000000
#  Ncrit =   9.0000
#
#    x           cf
   0.936206E-02  0.557952E-04
   0.108353E-01  0.147733E-03
   0.124792E-01  0.206529E-03
   0.143165E-01  0.249309E-03
   0.163648E-01  0.320247E-03
   0.186244E-01  0.340539E-03
   0.210864E-01  0.419851E-03
   0.237439E-01  0.422860E-03
   0.266015E-01  0.478878E-03
   0.296937E-01  0.466363E-03
   0.330625E-01  0.466343E-03
   0.367334E-01  0.449702E-03
   0.406870E-01  0.502950E-03
   0.448589E-01  0.466491E-03
   0.491911E-01  0.524632E-03
   0.536629E-01  0.487297E-03
   0.582936E-01  0.485905E-03
   0.630968E-01  0.458121E-03
   0.680587E-01  0.469094E-03
   0.731341E-01  0.483930E-03
   0.782821E-01  0.463442E-03
   0.834888E-01  0.481958E-03
   0.887708E-01  0.431034E-03
   0.941536E-01  0.440786E-03
   0.996431E-01  0.426750E-03
   0.105217      0.410530E-03
   0.110829      0.437711E-03
   0.116448      0.436202E-03
   0.122070      0.426881E-03
   0.127717      0.410520E-03
   0.133426      0.379544E-03
   0.139216      0.374706E-03
   0.145090      0.353967E-03
   0.151022      0.368107E-03
   0.156980      0.369720E-03
   0.162943      0.365184E-03
   0.168906      0.372360E-03
   0.174880      0.348481E-03
   0.180884      0.346448E-03
   0.186928      0.333512E-03
   0.193012      0.329167E-03
   0.199126      0.325173E-03
   0.205255      0.329497E-03
   0.211388      0.321868E-03
   0.217522      0.321306E-03
   0.223664      0.318609E-03
   0.229826      0.302315E-03
   0.236020      0.299394E-03
   0.242248      0.287805E-03
   0.248505      0.285646E-03
   0.254778      0.282756E-03
   0.261051      0.298729E-03
   0.267315      0.274792E-03
   0.273569      0.300983E-03
   0.279819      0.280514E-03
   0.286079      0.281665E-03
   0.292361      0.260242E-03
   0.298671      0.266549E-03
   0.305007      0.244922E-03
   0.311363      0.258363E-03
   0.317724      0.251415E-03
   0.324082      0.251592E-03
   0.330430      0.256893E-03
   0.336770      0.257088E-03
   0.343107      0.248795E-03
   0.349450      0.244620E-03
   0.355805      0.241953E-03
   0.362175      0.234117E-03
   0.368560      0.226649E-03
   0.374955      0.229864E-03
   0.381356      0.227145E-03
   0.387756      0.230191E-03
   0.394154      0.956716E-03
   0.400548      0.336800E-02
   0.406941      0.434506E-02
   0.413334      0.436500E-02
   0.419728      0.419697E-02
   0.426126      0.406417E-02
   0.432527      0.398605E-02
   0.438930      0.389925E-02
   0.445334      0.387131E-02
   0.451738      0.382862E-02
   0.458141      0.377581E-02
   0.464541      0.376029E-02
   0.470939      0.372113E-02
   0.477333      0.369216E-02
   0.483723      0.367646E-02
   0.490109      0.364822E-02
   0.496490      0.362838E-02
   0.502868      0.360314E-02
   0.509242      0.358479E-02
   0.515614      0.356205E-02
   0.521981      0.354567E-02
   0.528346      0.352426E-02
   0.534706      0.350219E-02
   0.541061      0.347783E-02
   0.547411      0.346522E-02
   0.553756      0.344688E-02
   0.560098      0.341724E-02
   0.566440      0.339910E-02
   0.572784      0.337435E-02
   0.579134      0.334892E-02
   0.585490      0.332155E-02
   0.591851      0.329942E-02
   0.598214      0.327678E-02
   0.604576      0.325776E-02
   0.610931      0.323905E-02
   0.617279      0.322074E-02
   0.623618      0.320081E-02
   0.629952      0.317650E-02
   0.636284      0.315819E-02
   0.642619      0.312535E-02
   0.648960      0.310715E-02
   0.655308      0.307106E-02
   0.661661      0.305736E-02
   0.668018      0.302381E-02
   0.674376      0.300422E-02
   0.680733      0.298609E-02
   0.687087      0.295832E-02
   0.693438      0.293843E-02
   0.699786      0.292152E-02
   0.706133      0.289336E-02
   0.712479      0.288204E-02
   0.718823      0.285355E-02
   0.725167      0.283281E-02
   0.731511      0.281638E-02
   0.737853      0.279024E-02
   0.744192      0.278216E-02
   0.750527      0.275459E-02
   0.756854      0.274445E-02
   0.763171      0.271941E-02
   0.769478      0.271047E-02
   0.775777      0.268386E-02
   0.782069      0.266931E-02
   0.788361      0.264548E-02
   0.794652      0.262730E-02
   0.800942      0.260555E-02
   0.807226      0.258395E-02
   0.813497      0.257589E-02
   0.819750      0.255943E-02
   0.825985      0.253376E-02
   0.832203      0.252255E-02
   0.838409      0.250205E-02
   0.844607      0.248094E-02
   0.850796      0.245583E-02
   0.856970      0.243935E-02
   0.863123      0.241189E-02
   0.869251      0.239792E-02
   0.875355      0.237203E-02
   0.881440      0.235134E-02
   0.887509      0.232338E-02
   0.893554      0.229211E-02
   0.899557      0.227976E-02
   0.905492      0.225831E-02
   0.911345      0.224338E-02
   0.917116      0.221734E-02
   0.922818      0.217540E-02
   0.928456      0.212574E-02
   0.934017      0.206770E-02
   0.939480      0.200615E-02
   0.944833      0.191152E-02
   0.950095      0.180723E-02
   0.955303      0.166394E-02
   0.960476      0.149902E-02
   0.965586      0.134183E-02
   0.970574      0.117018E-02
   0.975386      0.984056E-03
   0.980008      0.809731E-03
   0.984482      0.675981E-03
   0.988834      0.581038E-03
   0.992988      0.494088E-03
   0.996824      0.375757E-03
    1.00000      0.301419E-03
    1.00010       0.00000    
    1.00336       0.00000    
    1.00692       0.00000    
    1.01080       0.00000    
    1.01504       0.00000    
    1.01965       0.00000    
    1.02468       0.00000    
    1.03017       0.00000    
    1.03614       0.00000    
    1.04265       0.00000    
    1.04974       0.00000    
    1.05746       0.00000    
    1.06588       0.00000    
    1.07504       0.00000    
    1.08502       0.00000    
    1.09589       0.00000    
    1.10773       0.00000    
    1.12062       0.00000    
    1.13466       0.00000    
    1.14994       0.00000    
    1.16658       0.00000    
    1.18470       0.00000    
    1.20443       0.00000    
    1.22590       0.00000    
    1.24928       0.00000    
    1.27473       0.00000    
    1.30243       0.00000    
    1.33259       0.00000    
    1.36542       0.00000    
    1.40115       0.00000    
    1.44004       0.00000    
    1.48237       0.00000    
    1.52844       0.00000    
    1.57858       0.00000    
    1.63314       0.00000    
    1.69253       0.00000    
    1.75716       0.00000    
    1.82750       0.00000    
    1.90404       0.00000    
    1.98734       0.00000    

   0.803471E-02  0.417773E-04
   0.682801E-02  0.163041E-03
   0.572383E-02  0.270596E-03
   0.470924E-02  0.509885E-03
   0.377458E-02  0.555908E-03
   0.292856E-02  0.117579E-02
   0.218676E-02  0.125976E-02
   0.155661E-02  0.201627E-02
   0.104048E-02  0.222877E-02
   0.636134E-03  0.286779E-02
   0.335010E-03  0.330953E-02
   0.128880E-03  0.374050E-02
   0.119824E-04  0.447657E-02
  -0.185939E-04  0.499841E-02
   0.374342E-04  0.526896E-02
   0.186770E-03  0.726912E-02
   0.443205E-03  0.630740E-02
   0.825391E-03  0.853865E-02
   0.135655E-02  0.489178E-02
   0.204375E-02  0.283960E-02
   0.287174E-02  0.251664E-03
   0.381793E-02  0.486687E-02
   0.484979E-02  0.150249E-01
   0.594955E-02  0.168756E-01
   0.712232E-02  0.156720E-01
   0.837649E-02  0.147572E-01
   0.972574E-02  0.136893E-01
   0.111899E-01  0.120648E-01
   0.127879E-01  0.105179E-01
   0.145397E-01  0.896401E-02
   0.164634E-01  0.780841E-02
   0.185669E-01  0.727280E-02
   0.208533E-01  0.715343E-02
   0.233275E-01  0.698037E-02
   0.259980E-01  0.668366E-02
   0.288936E-01  0.627523E-02
   0.320658E-01  0.564408E-02
   0.355735E-01  0.510590E-02
   0.394642E-01  0.464945E-02
   0.437389E-01  0.434744E-02
   0.483584E-01  0.417993E-02
   0.532788E-01  0.394592E-02
   0.584909E-01  0.375448E-02
   0.639870E-01  0.357574E-02
   0.697242E-01  0.342559E-02
   0.756236E-01  0.331331E-02
   0.816180E-01  0.321859E-02
   0.876862E-01  0.309546E-02
   0.938457E-01  0.294287E-02
   0.100100      0.283270E-02
   0.106417      0.275851E-02
   0.112734      0.273468E-02
   0.119019      0.272490E-02
   0.125280      0.267891E-02
   0.131564      0.259631E-02
   0.137920      0.249260E-02
   0.144369      0.240207E-02
   0.150900      0.233217E-02
   0.157477      0.227675E-02
   0.164069      0.223148E-02
   0.170658      0.218859E-02
   0.177239      0.214611E-02
   0.183815      0.210231E-02
   0.190389      0.205875E-02
   0.196966      0.203231E-02
   0.203548      0.200327E-02
   0.210137      0.198273E-02
   0.216732      0.196285E-02
   0.223327      0.193377E-02
   0.229919      0.190576E-02
   0.236502      0.187306E-02
   0.243078      0.184706E-02
   0.249650      0.182007E-02
   0.256226      0.179839E-02
   0.262815      0.177884E-02
   0.269419      0.176379E-02
   0.276035      0.174197E-02
   0.282657      0.173308E-02
   0.289273      0.170176E-02
   0.295877      0.168613E-02
   0.302466      0.166899E-02
   0.309044      0.164615E-02
   0.315616      0.163169E-02
   0.322191      0.161923E-02
   0.328772      0.160332E-02
   0.335360      0.159275E-02
   0.341953      0.157976E-02
   0.348547      0.156642E-02
   0.355137      0.154743E-02
   0.361721      0.153882E-02
   0.368297      0.152468E-02
   0.374867      0.151102E-02
   0.381432      0.149965E-02
   0.387992      0.148830E-02
   0.394552      0.147777E-02
   0.401111      0.146860E-02
   0.407673      0.145880E-02
   0.414239      0.145114E-02
   0.420809      0.144273E-02
   0.427384      0.143518E-02
   0.433961      0.142711E-02
   0.440537      0.141899E-02
   0.447108      0.141103E-02
   0.453675      0.140378E-02
   0.460237      0.139666E-02
   0.466799      0.138829E-02
   0.473365      0.138628E-02
   0.479939      0.137942E-02
   0.486525      0.137627E-02
   0.493123      0.137070E-02
   0.499728      0.136594E-02
   0.506336      0.136023E-02
   0.512941      0.135327E-02
   0.519539      0.134600E-02
   0.526131      0.133875E-02
   0.532719      0.133374E-02
   0.539308      0.132722E-02
   0.545902      0.131985E-02
   0.552503      0.131533E-02
   0.559111      0.130972E-02
   0.565721      0.130198E-02
   0.572326      0.129573E-02
   0.578921      0.128549E-02
   0.585503      0.127904E-02
   0.592074      0.127093E-02
   0.598639      0.126588E-02
   0.605207      0.125783E-02
   0.611784      0.125417E-02
   0.618374      0.125131E-02
   0.624976      0.124329E-02
   0.631584      0.123869E-02
   0.638188      0.122894E-02
   0.644780      0.122275E-02
   0.651358      0.121502E-02
   0.657921      0.120651E-02
   0.664473      0.119967E-02
   0.671023      0.119315E-02
   0.677574      0.118907E-02
   0.684130      0.118102E-02
   0.690692      0.117770E-02
   0.697259      0.116992E-02
   0.703827      0.116601E-02
   0.710393      0.115897E-02
   0.716957      0.115291E-02
   0.723514      0.114644E-02
   0.730063      0.113889E-02
   0.736604      0.113362E-02
   0.743135      0.112682E-02
   0.749660      0.111814E-02
   0.756179      0.111301E-02
   0.762696      0.110773E-02
   0.769213      0.110339E-02
   0.775729      0.109808E-02
   0.782243      0.109181E-02
   0.788755      0.108579E-02
   0.795263      0.108144E-02
   0.801765      0.107418E-02
   0.808261      0.106936E-02
   0.814748      0.106214E-02
   0.821225      0.105740E-02
   0.827689      0.104957E-02
   0.834139      0.104537E-02
   0.840572      0.103886E-02
   0.846991      0.103548E-02
   0.853401      0.102812E-02
   0.859812      0.102697E-02
   0.866230      0.102244E-02
   0.872652      0.101964E-02
   0.879060      0.101426E-02
   0.885433      0.100979E-02
   0.891763      0.100103E-02
   0.898059      0.996329E-03
   0.904342      0.995203E-03
   0.910624      0.994031E-03
   0.916889      0.990511E-03
   0.923100      0.987968E-03
   0.929230      0.979367E-03
   0.935290      0.979106E-03
   0.941305      0.982838E-03
   0.947269      0.984758E-03
   0.953121      0.985654E-03
   0.958804      0.985516E-03
   0.964324      0.994881E-03
   0.969710      0.100998E-02
   0.974894      0.101846E-02
   0.979753      0.102600E-02
   0.984281      0.106489E-02
   0.988587      0.115009E-02
   0.992739      0.119877E-02
   0.996687      0.129400E-02
    1.00000      0.116163E-02
    1.00010       0.00000    
    1.00336       0.00000    
    1.00692       0.00000    
    1.01080       0.00000    
    1.01504       0.00000    
    1.01965       0.00000    
    1.02468       0.00000    
    1.03017       0.00000    
    1.03614       0.00000    
    1.04265       0.00000    
    1.04974       0.00000    
    1.05746       0.00000    
    1.06588       0.00000    
    1.07504       0.00000    
    1.08502       0.00000    
    1.09589       0.00000    
    1.10773       0.00000    
    1.12062       0.00000    
    1.13466       0.00000    
    1.14994       0.00000    
    1.16658       0.00000    
    1.18470       0.00000    
    1.20443       0.00000    
    1.22590       0.00000    
    1.24928       0.00000    
    1.27473       0.00000    
    1.30243       0.00000    
    1.33259       0.00000    
    1.36542       0.00000    
    1.40115       0.00000    
    1.44004       0.00000    
    1.48237       0.00000    
    1.52844       0.00000    
    1.57858       0.00000    
    1.63314       0.00000    
    1.69253       0.00000    
    1.75716       0.00000    
    1.82750       0.00000    
    1.90404       0.00000    
    1.98734       0.00000    

