#  AH 79-100 C AIRFOIL                             
#  alpha =   2.5000
#  Mach  =   0.0000
#  Reyn  = 10000000
#  Ncrit =   9.0000
#
#    x           cf
   0.135655E-02  0.370663E-03
   0.825391E-03  0.192055E-02
   0.443205E-03  0.316551E-02
   0.186770E-03  0.352587E-02
   0.374342E-04  0.672384E-02
  -0.185939E-04  0.322636E-02
   0.119824E-04  0.871051E-02
   0.128880E-03  0.534338E-02
   0.335010E-03  0.747022E-02
   0.636134E-03  0.620476E-02
   0.104048E-02  0.743446E-02
   0.155661E-02  0.444486E-02
   0.218676E-02  0.522778E-02
   0.292856E-02  0.280682E-02
   0.377458E-02  0.292458E-02
   0.470924E-02  0.258023E-02
   0.572383E-02  0.349210E-02
   0.682801E-02  0.396197E-02
   0.803471E-02  0.353326E-02
   0.936206E-02  0.393300E-02
   0.108353E-01  0.321933E-02
   0.124792E-01  0.300041E-02
   0.143165E-01  0.246238E-02
   0.163648E-01  0.237396E-02
   0.186244E-01  0.264945E-02
   0.210864E-01  0.290847E-02
   0.237439E-01  0.316168E-02
   0.266015E-01  0.299824E-02
   0.296937E-01  0.261082E-02
   0.330625E-01  0.204557E-02
   0.367334E-01  0.186953E-02
   0.406870E-01  0.194399E-02
   0.448589E-01  0.202371E-02
   0.491911E-01  0.212857E-02
   0.536629E-01  0.195918E-02
   0.582936E-01  0.181497E-02
   0.630968E-01  0.163599E-02
   0.680587E-01  0.162146E-02
   0.731341E-01  0.162971E-02
   0.782821E-01  0.161466E-02
   0.834888E-01  0.158791E-02
   0.887708E-01  0.146130E-02
   0.941536E-01  0.135866E-02
   0.996431E-01  0.126975E-02
   0.105217      0.121780E-02
   0.110829      0.131656E-02
   0.116448      0.132557E-02
   0.122070      0.130909E-02
   0.127717      0.122388E-02
   0.133426      0.112520E-02
   0.139216      0.100971E-02
   0.145090      0.959715E-03
   0.151022      0.942641E-03
   0.156980      0.954255E-03
   0.162943      0.963098E-03
   0.168906      0.955966E-03
   0.174880      0.953945E-03
   0.180884      0.901797E-03
   0.186928      0.868628E-03
   0.193012      0.799472E-03
   0.199126      0.817482E-03
   0.205255      0.805044E-03
   0.211388      0.800080E-03
   0.217522      0.782699E-03
   0.223664      0.769512E-03
   0.229826      0.745886E-03
   0.236020      0.711305E-03
   0.242248      0.666860E-03
   0.248505      0.656280E-03
   0.254778      0.646700E-03
   0.261051      0.659465E-03
   0.267315      0.647398E-03
   0.273569      0.681550E-03
   0.279819      0.641457E-03
   0.286079      0.635312E-03
   0.292361      0.583210E-03
   0.298671      0.578176E-03
   0.305007      0.542826E-03
   0.311363      0.537265E-03
   0.317724      0.528927E-03
   0.324082      0.527888E-03
   0.330430      0.546795E-03
   0.336770      0.533262E-03
   0.343107      0.538239E-03
   0.349450      0.509222E-03
   0.355805      0.504102E-03
   0.362175      0.491119E-03
   0.368560      0.488760E-03
   0.374955      0.506585E-03
   0.381356      0.124071E-02
   0.387756      0.319066E-02
   0.394154      0.526446E-02
   0.400548      0.645535E-02
   0.406941      0.689640E-02
   0.413334      0.704854E-02
   0.419728      0.697178E-02
   0.426126      0.687562E-02
   0.432527      0.674195E-02
   0.438930      0.662637E-02
   0.445334      0.652983E-02
   0.451738      0.641139E-02
   0.458141      0.631833E-02
   0.464541      0.624631E-02
   0.470939      0.615137E-02
   0.477333      0.608931E-02
   0.483723      0.602832E-02
   0.490109      0.596169E-02
   0.496490      0.590105E-02
   0.502868      0.584357E-02
   0.509242      0.578695E-02
   0.515614      0.574272E-02
   0.521981      0.567277E-02
   0.528346      0.563264E-02
   0.534706      0.558012E-02
   0.541061      0.551887E-02
   0.547411      0.547623E-02
   0.553756      0.541485E-02
   0.560098      0.536016E-02
   0.566440      0.530634E-02
   0.572784      0.523973E-02
   0.579134      0.519609E-02
   0.585490      0.511839E-02
   0.591851      0.506011E-02
   0.598214      0.501485E-02
   0.604576      0.495605E-02
   0.610931      0.490970E-02
   0.617279      0.486294E-02
   0.623618      0.480484E-02
   0.629952      0.476105E-02
   0.636284      0.469528E-02
   0.642619      0.464725E-02
   0.648960      0.457922E-02
   0.655308      0.452341E-02
   0.661661      0.446683E-02
   0.668018      0.441228E-02
   0.674376      0.435431E-02
   0.680733      0.430437E-02
   0.687087      0.425544E-02
   0.693438      0.420397E-02
   0.699786      0.415289E-02
   0.706133      0.410082E-02
   0.712479      0.405781E-02
   0.718823      0.400970E-02
   0.725167      0.395254E-02
   0.731511      0.391188E-02
   0.737853      0.386642E-02
   0.744192      0.382021E-02
   0.750527      0.377401E-02
   0.756854      0.372791E-02
   0.763171      0.369118E-02
   0.769478      0.364627E-02
   0.775777      0.360376E-02
   0.782069      0.355770E-02
   0.788361      0.350876E-02
   0.794652      0.346263E-02
   0.800942      0.341613E-02
   0.807226      0.336745E-02
   0.813497      0.332850E-02
   0.819750      0.328398E-02
   0.825985      0.324687E-02
   0.832203      0.319690E-02
   0.838409      0.314977E-02
   0.844607      0.309704E-02
   0.850796      0.304151E-02
   0.856970      0.299367E-02
   0.863123      0.294600E-02
   0.869251      0.288916E-02
   0.875355      0.282898E-02
   0.881440      0.276547E-02
   0.887509      0.270715E-02
   0.893554      0.264117E-02
   0.899557      0.257609E-02
   0.905492      0.251799E-02
   0.911345      0.244594E-02
   0.917116      0.236675E-02
   0.922818      0.226503E-02
   0.928456      0.214839E-02
   0.934017      0.202163E-02
   0.939480      0.187511E-02
   0.944833      0.170917E-02
   0.950095      0.151340E-02
   0.955303      0.130221E-02
   0.960476      0.108966E-02
   0.965586      0.890712E-03
   0.970574      0.706269E-03
   0.975386      0.540600E-03
   0.980008      0.402799E-03
   0.984482      0.303820E-03
   0.988834      0.230599E-03
   0.992988      0.171280E-03
   0.996824      0.110062E-03
    1.00000      0.680200E-04
    1.00010       0.00000    
    1.00337       0.00000    
    1.00693       0.00000    
    1.01083       0.00000    
    1.01508       0.00000    
    1.01971       0.00000    
    1.02477       0.00000    
    1.03028       0.00000    
    1.03628       0.00000    
    1.04283       0.00000    
    1.04996       0.00000    
    1.05774       0.00000    
    1.06621       0.00000    
    1.07544       0.00000    
    1.08549       0.00000    
    1.09644       0.00000    
    1.10836       0.00000    
    1.12135       0.00000    
    1.13550       0.00000    
    1.15090       0.00000    
    1.16768       0.00000    
    1.18594       0.00000    
    1.20583       0.00000    
    1.22749       0.00000    
    1.25106       0.00000    
    1.27673       0.00000    
    1.30467       0.00000    
    1.33508       0.00000    
    1.36819       0.00000    
    1.40422       0.00000    
    1.44345       0.00000    
    1.48613       0.00000    
    1.53259       0.00000    
    1.58315       0.00000    
    1.63818       0.00000    
    1.69806       0.00000    
    1.76322       0.00000    
    1.83413       0.00000    
    1.91128       0.00000    
    1.99524       0.00000    

   0.204375E-02  0.865364E-03
   0.287174E-02  0.149671E-02
   0.381793E-02  0.215588E-02
   0.484979E-02  0.194845E-02
   0.594955E-02  0.278176E-02
   0.712232E-02  0.317388E-02
   0.837649E-02  0.276278E-02
   0.972574E-02  0.337756E-02
   0.111899E-01  0.234462E-02
   0.127879E-01  0.278951E-02
   0.145397E-01  0.181613E-02
   0.164634E-01  0.157319E-02
   0.185669E-01  0.223297E-02
   0.208533E-01  0.149045E-02
   0.233275E-01  0.221632E-02
   0.259980E-01  0.167456E-02
   0.288936E-01  0.159930E-02
   0.320658E-01  0.133131E-02
   0.355735E-01  0.112824E-02
   0.394642E-01  0.975156E-03
   0.437389E-01  0.978438E-03
   0.483584E-01  0.108238E-02
   0.532788E-01  0.947240E-03
   0.584909E-01  0.840894E-03
   0.639870E-01  0.825947E-03
   0.697242E-01  0.764978E-03
   0.756236E-01  0.768780E-03
   0.816180E-01  0.712245E-03
   0.876862E-01  0.676879E-03
   0.938457E-01  0.581136E-03
   0.100100      0.517546E-03
   0.106417      0.564759E-03
   0.112734      0.591606E-03
   0.119019      0.620924E-03
   0.125280      0.600854E-03
   0.131564      0.512086E-03
   0.137920      0.442019E-03
   0.144369      0.372669E-03
   0.150900      0.383232E-03
   0.157477      0.346884E-03
   0.164069      0.343966E-03
   0.170658      0.367754E-03
   0.177239      0.334214E-03
   0.183815      0.343914E-03
   0.190389      0.318537E-03
   0.196966      0.310214E-03
   0.203548      0.323284E-03
   0.210137      0.312821E-03
   0.216732      0.330610E-03
   0.223327      0.317038E-03
   0.229919      0.294917E-03
   0.236502      0.298334E-03
   0.243078      0.264454E-03
   0.249650      0.265305E-03
   0.256226      0.254451E-03
   0.262815      0.257120E-03
   0.269419      0.256993E-03
   0.276035      0.255393E-03
   0.282657      0.246785E-03
   0.289273      0.246757E-03
   0.295877      0.240055E-03
   0.302466      0.222585E-03
   0.309044      0.218730E-03
   0.315616      0.219615E-03
   0.322191      0.219711E-03
   0.328772      0.218860E-03
   0.335360      0.215249E-03
   0.341953      0.215190E-03
   0.348547      0.210807E-03
   0.355137      0.206126E-03
   0.361721      0.204112E-03
   0.368297      0.200999E-03
   0.374867      0.199437E-03
   0.381432      0.194047E-03
   0.387992      0.201353E-03
   0.394552      0.199967E-03
   0.401111      0.199233E-03
   0.407673      0.213385E-03
   0.414239      0.404507E-03
   0.420809      0.802718E-03
   0.427384      0.142085E-02
   0.433961      0.190203E-02
   0.440537      0.216608E-02
   0.447108      0.229586E-02
   0.453675      0.234925E-02
   0.460237      0.233950E-02
   0.466799      0.233053E-02
   0.473365      0.231009E-02
   0.479939      0.227817E-02
   0.486525      0.225752E-02
   0.493123      0.223238E-02
   0.499728      0.220432E-02
   0.506336      0.218247E-02
   0.512941      0.215867E-02
   0.519539      0.212525E-02
   0.526131      0.210811E-02
   0.532719      0.209659E-02
   0.539308      0.206704E-02
   0.545902      0.206051E-02
   0.552503      0.204774E-02
   0.559111      0.203805E-02
   0.565721      0.201344E-02
   0.572326      0.201044E-02
   0.578921      0.198497E-02
   0.585503      0.197782E-02
   0.592074      0.196082E-02
   0.598639      0.194806E-02
   0.605207      0.194444E-02
   0.611784      0.193862E-02
   0.618374      0.192991E-02
   0.624976      0.193033E-02
   0.631584      0.191455E-02
   0.638188      0.190737E-02
   0.644780      0.189045E-02
   0.651358      0.188162E-02
   0.657921      0.186947E-02
   0.664473      0.185799E-02
   0.671023      0.185512E-02
   0.677574      0.184669E-02
   0.684130      0.184295E-02
   0.690692      0.183756E-02
   0.697259      0.183266E-02
   0.703827      0.182383E-02
   0.710393      0.181966E-02
   0.716957      0.181430E-02
   0.723514      0.180277E-02
   0.730063      0.179592E-02
   0.736604      0.178847E-02
   0.743135      0.178353E-02
   0.749660      0.177377E-02
   0.756179      0.177026E-02
   0.762696      0.176407E-02
   0.769213      0.175873E-02
   0.775729      0.175443E-02
   0.782243      0.175514E-02
   0.788755      0.174973E-02
   0.795263      0.174316E-02
   0.801765      0.174322E-02
   0.808261      0.173150E-02
   0.814748      0.172959E-02
   0.821225      0.172629E-02
   0.827689      0.171723E-02
   0.834139      0.171396E-02
   0.840572      0.171556E-02
   0.846991      0.170344E-02
   0.853401      0.170991E-02
   0.859812      0.171081E-02
   0.866230      0.171458E-02
   0.872652      0.171824E-02
   0.879060      0.170855E-02
   0.885433      0.171160E-02
   0.891763      0.170064E-02
   0.898059      0.170292E-02
   0.904342      0.171105E-02
   0.910624      0.172225E-02
   0.916889      0.172588E-02
   0.923100      0.172373E-02
   0.929230      0.172326E-02
   0.935290      0.173545E-02
   0.941305      0.175643E-02
   0.947269      0.177541E-02
   0.953121      0.178944E-02
   0.958804      0.180694E-02
   0.964324      0.184543E-02
   0.969710      0.189871E-02
   0.974894      0.194400E-02
   0.979753      0.197991E-02
   0.984281      0.209417E-02
   0.988587      0.244924E-02
   0.992739      0.263591E-02
   0.996687      0.316813E-02
    1.00000      0.255370E-02
    1.00010       0.00000    
    1.00337       0.00000    
    1.00693       0.00000    
    1.01083       0.00000    
    1.01508       0.00000    
    1.01971       0.00000    
    1.02477       0.00000    
    1.03028       0.00000    
    1.03628       0.00000    
    1.04283       0.00000    
    1.04996       0.00000    
    1.05774       0.00000    
    1.06621       0.00000    
    1.07544       0.00000    
    1.08549       0.00000    
    1.09644       0.00000    
    1.10836       0.00000    
    1.12135       0.00000    
    1.13550       0.00000    
    1.15090       0.00000    
    1.16768       0.00000    
    1.18594       0.00000    
    1.20583       0.00000    
    1.22749       0.00000    
    1.25106       0.00000    
    1.27673       0.00000    
    1.30467       0.00000    
    1.33508       0.00000    
    1.36819       0.00000    
    1.40422       0.00000    
    1.44345       0.00000    
    1.48613       0.00000    
    1.53259       0.00000    
    1.58315       0.00000    
    1.63818       0.00000    
    1.69806       0.00000    
    1.76322       0.00000    
    1.83413       0.00000    
    1.91128       0.00000    
    1.99524       0.00000    

