#  AH 79-100 C AIRFOIL                             
#  alpha =   1.5000
#  Mach  =   0.0000
#  Reyn  = 10000000
#  Ncrit =   9.0000
#
#    x           cf
   0.443205E-03  0.561605E-03
   0.186770E-03  0.153903E-02
   0.374342E-04  0.346187E-02
  -0.185939E-04  0.263587E-02
   0.119824E-04  0.546071E-02
   0.128880E-03  0.427739E-02
   0.335010E-03  0.534811E-02
   0.636134E-03  0.598784E-02
   0.104048E-02  0.510537E-02
   0.155661E-02  0.474770E-02
   0.218676E-02  0.429662E-02
   0.292856E-02  0.322896E-02
   0.377458E-02  0.315068E-02
   0.470924E-02  0.255523E-02
   0.572383E-02  0.356240E-02
   0.682801E-02  0.352946E-02
   0.803471E-02  0.374142E-02
   0.936206E-02  0.354804E-02
   0.108353E-01  0.334798E-02
   0.124792E-01  0.271678E-02
   0.143165E-01  0.251498E-02
   0.163648E-01  0.255199E-02
   0.186244E-01  0.263339E-02
   0.210864E-01  0.294728E-02
   0.237439E-01  0.303537E-02
   0.266015E-01  0.289152E-02
   0.296937E-01  0.253143E-02
   0.330625E-01  0.223394E-02
   0.367334E-01  0.182470E-02
   0.406870E-01  0.211566E-02
   0.448589E-01  0.198430E-02
   0.491911E-01  0.214445E-02
   0.536629E-01  0.204770E-02
   0.582936E-01  0.179532E-02
   0.630968E-01  0.170753E-02
   0.680587E-01  0.166080E-02
   0.731341E-01  0.169436E-02
   0.782821E-01  0.162296E-02
   0.834888E-01  0.168881E-02
   0.887708E-01  0.144909E-02
   0.941536E-01  0.144298E-02
   0.996431E-01  0.131644E-02
   0.105217      0.128405E-02
   0.110829      0.137573E-02
   0.116448      0.134547E-02
   0.122070      0.137909E-02
   0.127717      0.126707E-02
   0.133426      0.113966E-02
   0.139216      0.109748E-02
   0.145090      0.100138E-02
   0.151022      0.992558E-03
   0.156980      0.102817E-02
   0.162943      0.103061E-02
   0.168906      0.102608E-02
   0.174880      0.983417E-03
   0.180884      0.953912E-03
   0.186928      0.902119E-03
   0.193012      0.885959E-03
   0.199126      0.853792E-03
   0.205255      0.869020E-03
   0.211388      0.849015E-03
   0.217522      0.845803E-03
   0.223664      0.830668E-03
   0.229826      0.784901E-03
   0.236020      0.750863E-03
   0.242248      0.738358E-03
   0.248505      0.696371E-03
   0.254778      0.701178E-03
   0.261051      0.715975E-03
   0.267315      0.701904E-03
   0.273569      0.736555E-03
   0.279819      0.685555E-03
   0.286079      0.688868E-03
   0.292361      0.643148E-03
   0.298671      0.632553E-03
   0.305007      0.583094E-03
   0.311363      0.588360E-03
   0.317724      0.577957E-03
   0.324082      0.588107E-03
   0.330430      0.590390E-03
   0.336770      0.589349E-03
   0.343107      0.581643E-03
   0.349450      0.550203E-03
   0.355805      0.546827E-03
   0.362175      0.526837E-03
   0.368560      0.507023E-03
   0.374955      0.497870E-03
   0.381356      0.495334E-03
   0.387756      0.496811E-03
   0.394154      0.477462E-03
   0.400548      0.490541E-03
   0.406941      0.473420E-03
   0.413334      0.474708E-03
   0.419728      0.464313E-03
   0.426126      0.454010E-03
   0.432527      0.460556E-03
   0.438930      0.451653E-03
   0.445334      0.462544E-03
   0.451738      0.488594E-03
   0.458141      0.138370E-02
   0.464541      0.321405E-02
   0.470939      0.500141E-02
   0.477333      0.604999E-02
   0.483723      0.651105E-02
   0.490109      0.663146E-02
   0.496490      0.662413E-02
   0.502868      0.652885E-02
   0.509242      0.644104E-02
   0.515614      0.632621E-02
   0.521981      0.622108E-02
   0.528346      0.611536E-02
   0.534706      0.602357E-02
   0.541061      0.591661E-02
   0.547411      0.585081E-02
   0.553756      0.576722E-02
   0.560098      0.567853E-02
   0.566440      0.561300E-02
   0.572784      0.552252E-02
   0.579134      0.546382E-02
   0.585490      0.538048E-02
   0.591851      0.531062E-02
   0.598214      0.525649E-02
   0.604576      0.518978E-02
   0.610931      0.513373E-02
   0.617279      0.508623E-02
   0.623618      0.502617E-02
   0.629952      0.496748E-02
   0.636284      0.490785E-02
   0.642619      0.485030E-02
   0.648960      0.478239E-02
   0.655308      0.472055E-02
   0.661661      0.466206E-02
   0.668018      0.460186E-02
   0.674376      0.454597E-02
   0.680733      0.449641E-02
   0.687087      0.444100E-02
   0.693438      0.439196E-02
   0.699786      0.433650E-02
   0.706133      0.428487E-02
   0.712479      0.424146E-02
   0.718823      0.419401E-02
   0.725167      0.413278E-02
   0.731511      0.409528E-02
   0.737853      0.404431E-02
   0.744192      0.400260E-02
   0.750527      0.395517E-02
   0.756854      0.390817E-02
   0.763171      0.387035E-02
   0.769478      0.382680E-02
   0.775777      0.378365E-02
   0.782069      0.373701E-02
   0.788361      0.368931E-02
   0.794652      0.364251E-02
   0.800942      0.359644E-02
   0.807226      0.354906E-02
   0.813497      0.351045E-02
   0.819750      0.346737E-02
   0.825985      0.343018E-02
   0.832203      0.338273E-02
   0.838409      0.333620E-02
   0.844607      0.328344E-02
   0.850796      0.323035E-02
   0.856970      0.318356E-02
   0.863123      0.313764E-02
   0.869251      0.308327E-02
   0.875355      0.302557E-02
   0.881440      0.296521E-02
   0.887509      0.290891E-02
   0.893554      0.284602E-02
   0.899557      0.278619E-02
   0.905492      0.273335E-02
   0.911345      0.266846E-02
   0.917116      0.259554E-02
   0.922818      0.249866E-02
   0.928456      0.238586E-02
   0.934017      0.226346E-02
   0.939480      0.211955E-02
   0.944833      0.195235E-02
   0.950095      0.174897E-02
   0.955303      0.152275E-02
   0.960476      0.128857E-02
   0.965586      0.106556E-02
   0.970574      0.853937E-03
   0.975386      0.658778E-03
   0.980008      0.493971E-03
   0.984482      0.375961E-03
   0.988834      0.289226E-03
   0.992988      0.218622E-03
   0.996824      0.145314E-03
    1.00000      0.971295E-04
    1.00010       0.00000    
    1.00337       0.00000    
    1.00693       0.00000    
    1.01083       0.00000    
    1.01507       0.00000    
    1.01971       0.00000    
    1.02476       0.00000    
    1.03026       0.00000    
    1.03627       0.00000    
    1.04281       0.00000    
    1.04994       0.00000    
    1.05771       0.00000    
    1.06617       0.00000    
    1.07539       0.00000    
    1.08543       0.00000    
    1.09638       0.00000    
    1.10829       0.00000    
    1.12127       0.00000    
    1.13541       0.00000    
    1.15080       0.00000    
    1.16756       0.00000    
    1.18581       0.00000    
    1.20568       0.00000    
    1.22732       0.00000    
    1.25088       0.00000    
    1.27652       0.00000    
    1.30444       0.00000    
    1.33483       0.00000    
    1.36791       0.00000    
    1.40392       0.00000    
    1.44311       0.00000    
    1.48577       0.00000    
    1.53220       0.00000    
    1.58273       0.00000    
    1.63773       0.00000    
    1.69757       0.00000    
    1.76270       0.00000    
    1.83357       0.00000    
    1.91069       0.00000    
    1.99461       0.00000    

   0.825391E-03  0.878957E-03
   0.135655E-02  0.205171E-02
   0.204375E-02  0.303369E-02
   0.287174E-02  0.282226E-02
   0.381793E-02  0.299085E-02
   0.484979E-02  0.338595E-02
   0.594955E-02  0.323542E-02
   0.712232E-02  0.449824E-02
   0.837649E-02  0.334735E-02
   0.972574E-02  0.396408E-02
   0.111899E-01  0.269039E-02
   0.127879E-01  0.283344E-02
   0.145397E-01  0.185601E-02
   0.164634E-01  0.171309E-02
   0.185669E-01  0.173040E-02
   0.208533E-01  0.200011E-02
   0.233275E-01  0.185081E-02
   0.259980E-01  0.190558E-02
   0.288936E-01  0.153288E-02
   0.320658E-01  0.127429E-02
   0.355735E-01  0.990205E-03
   0.394642E-01  0.866414E-03
   0.437389E-01  0.954739E-03
   0.483584E-01  0.920812E-03
   0.532788E-01  0.847355E-03
   0.584909E-01  0.802579E-03
   0.639870E-01  0.742362E-03
   0.697242E-01  0.688209E-03
   0.756236E-01  0.688518E-03
   0.816180E-01  0.655509E-03
   0.876862E-01  0.617813E-03
   0.938457E-01  0.495781E-03
   0.100100      0.460591E-03
   0.106417      0.498089E-03
   0.112734      0.523048E-03
   0.119019      0.567767E-03
   0.125280      0.547417E-03
   0.131564      0.485103E-03
   0.137920      0.373929E-03
   0.144369      0.335071E-03
   0.150900      0.310435E-03
   0.157477      0.288424E-03
   0.164069      0.298903E-03
   0.170658      0.298549E-03
   0.177239      0.278740E-03
   0.183815      0.299040E-03
   0.190389      0.253819E-03
   0.196966      0.259443E-03
   0.203548      0.275443E-03
   0.210137      0.272745E-03
   0.216732      0.295143E-03
   0.223327      0.272497E-03
   0.229919      0.267899E-03
   0.236502      0.286479E-03
   0.243078      0.586542E-03
   0.249650      0.141435E-02
   0.256226      0.215789E-02
   0.262815      0.255369E-02
   0.269419      0.269333E-02
   0.276035      0.268066E-02
   0.282657      0.266167E-02
   0.289273      0.259334E-02
   0.295877      0.253810E-02
   0.302466      0.248492E-02
   0.309044      0.243431E-02
   0.315616      0.238668E-02
   0.322191      0.237800E-02
   0.328772      0.232999E-02
   0.335360      0.230372E-02
   0.341953      0.227847E-02
   0.348547      0.225363E-02
   0.355137      0.222692E-02
   0.361721      0.219494E-02
   0.368297      0.218634E-02
   0.374867      0.215578E-02
   0.381432      0.214453E-02
   0.387992      0.212662E-02
   0.394552      0.211214E-02
   0.401111      0.209356E-02
   0.407673      0.207813E-02
   0.414239      0.207248E-02
   0.420809      0.206058E-02
   0.427384      0.205044E-02
   0.433961      0.204155E-02
   0.440537      0.202673E-02
   0.447108      0.201499E-02
   0.453675      0.200712E-02
   0.460237      0.198880E-02
   0.466799      0.199194E-02
   0.473365      0.198258E-02
   0.479939      0.197492E-02
   0.486525      0.197107E-02
   0.493123      0.196495E-02
   0.499728      0.196146E-02
   0.506336      0.195356E-02
   0.512941      0.194100E-02
   0.519539      0.193350E-02
   0.526131      0.191840E-02
   0.532719      0.191913E-02
   0.539308      0.190442E-02
   0.545902      0.189787E-02
   0.552503      0.189428E-02
   0.559111      0.188844E-02
   0.565721      0.187588E-02
   0.572326      0.187216E-02
   0.578921      0.185565E-02
   0.585503      0.185101E-02
   0.592074      0.183527E-02
   0.598639      0.183193E-02
   0.605207      0.182533E-02
   0.611784      0.182015E-02
   0.618374      0.181892E-02
   0.624976      0.181682E-02
   0.631584      0.180620E-02
   0.638188      0.179858E-02
   0.644780      0.178710E-02
   0.651358      0.178067E-02
   0.657921      0.176843E-02
   0.664473      0.176059E-02
   0.671023      0.175551E-02
   0.677574      0.175128E-02
   0.684130      0.174799E-02
   0.690692      0.174270E-02
   0.697259      0.173839E-02
   0.703827      0.173151E-02
   0.710393      0.172829E-02
   0.716957      0.172169E-02
   0.723514      0.171455E-02
   0.730063      0.170779E-02
   0.736604      0.170132E-02
   0.743135      0.169638E-02
   0.749660      0.168779E-02
   0.756179      0.168413E-02
   0.762696      0.167962E-02
   0.769213      0.167572E-02
   0.775729      0.167079E-02
   0.782243      0.167166E-02
   0.788755      0.166533E-02
   0.795263      0.166133E-02
   0.801765      0.165977E-02
   0.808261      0.165086E-02
   0.814748      0.164739E-02
   0.821225      0.164514E-02
   0.827689      0.163697E-02
   0.834139      0.163369E-02
   0.840572      0.163358E-02
   0.846991      0.162577E-02
   0.853401      0.162849E-02
   0.859812      0.162999E-02
   0.866230      0.163278E-02
   0.872652      0.163518E-02
   0.879060      0.162733E-02
   0.885433      0.162945E-02
   0.891763      0.162026E-02
   0.898059      0.162142E-02
   0.904342      0.162855E-02
   0.910624      0.163750E-02
   0.916889      0.164045E-02
   0.923100      0.163976E-02
   0.929230      0.163762E-02
   0.935290      0.164891E-02
   0.941305      0.166670E-02
   0.947269      0.168377E-02
   0.953121      0.169659E-02
   0.958804      0.171157E-02
   0.964324      0.174537E-02
   0.969710      0.179419E-02
   0.974894      0.183289E-02
   0.979753      0.186665E-02
   0.984281      0.197019E-02
   0.988587      0.226404E-02
   0.992739      0.242395E-02
   0.996687      0.283835E-02
    1.00000      0.237405E-02
    1.00010       0.00000    
    1.00337       0.00000    
    1.00693       0.00000    
    1.01083       0.00000    
    1.01507       0.00000    
    1.01971       0.00000    
    1.02476       0.00000    
    1.03026       0.00000    
    1.03627       0.00000    
    1.04281       0.00000    
    1.04994       0.00000    
    1.05771       0.00000    
    1.06617       0.00000    
    1.07539       0.00000    
    1.08543       0.00000    
    1.09638       0.00000    
    1.10829       0.00000    
    1.12127       0.00000    
    1.13541       0.00000    
    1.15080       0.00000    
    1.16756       0.00000    
    1.18581       0.00000    
    1.20568       0.00000    
    1.22732       0.00000    
    1.25088       0.00000    
    1.27652       0.00000    
    1.30444       0.00000    
    1.33483       0.00000    
    1.36791       0.00000    
    1.40392       0.00000    
    1.44311       0.00000    
    1.48577       0.00000    
    1.53220       0.00000    
    1.58273       0.00000    
    1.63773       0.00000    
    1.69757       0.00000    
    1.76270       0.00000    
    1.83357       0.00000    
    1.91069       0.00000    
    1.99461       0.00000    

