#  AH 79-100 C AIRFOIL                             
#  alpha =  -4.0000
#  Mach  =   0.0000
#  Reyn  =100000000
#  Ncrit =   9.0000
#
#    x           cf
   0.377458E-02  0.548712E-04
   0.470924E-02  0.703720E-04
   0.572383E-02  0.346899E-03
   0.682801E-02  0.176815E-03
   0.803471E-02  0.515219E-03
   0.936206E-02  0.318611E-03
   0.108353E-01  0.600120E-03
   0.124792E-01  0.405923E-03
   0.143165E-01  0.552594E-03
   0.163648E-01  0.502952E-03
   0.186244E-01  0.563587E-03
   0.210864E-01  0.588506E-03
   0.237439E-01  0.636344E-03
   0.266015E-01  0.611624E-03
   0.296937E-01  0.612036E-03
   0.330625E-01  0.567274E-03
   0.367334E-01  0.542502E-03
   0.406870E-01  0.561254E-03
   0.448589E-01  0.571655E-03
   0.491911E-01  0.590856E-03
   0.536629E-01  0.559095E-03
   0.582936E-01  0.530614E-03
   0.630968E-01  0.510264E-03
   0.680587E-01  0.502307E-03
   0.731341E-01  0.519980E-03
   0.782821E-01  0.515261E-03
   0.834888E-01  0.495243E-03
   0.887708E-01  0.470262E-03
   0.941536E-01  0.447489E-03
   0.996431E-01  0.459285E-03
   0.105217      0.415130E-03
   0.110829      0.457772E-03
   0.116448      0.455971E-03
   0.122070      0.441075E-03
   0.127717      0.422009E-03
   0.133426      0.384569E-03
   0.139216      0.384952E-03
   0.145090      0.354589E-03
   0.151022      0.369201E-03
   0.156980      0.366803E-03
   0.162943      0.367408E-03
   0.168906      0.371924E-03
   0.174880      0.353063E-03
   0.180884      0.347715E-03
   0.186928      0.333207E-03
   0.193012      0.318380E-03
   0.199126      0.322536E-03
   0.205255      0.327686E-03
   0.211388      0.312828E-03
   0.217522      0.323368E-03
   0.223664      0.308185E-03
   0.229826      0.300498E-03
   0.236020      0.289083E-03
   0.242248      0.285422E-03
   0.248505      0.270112E-03
   0.254778      0.280292E-03
   0.261051      0.282954E-03
   0.267315      0.275518E-03
   0.273569      0.286251E-03
   0.279819      0.270807E-03
   0.286079      0.275772E-03
   0.292361      0.249736E-03
   0.298671      0.259320E-03
   0.305007      0.243305E-03
   0.311363      0.168990E-02
   0.317724      0.405149E-02
   0.324082      0.472306E-02
   0.330430      0.456975E-02
   0.336770      0.439418E-02
   0.343107      0.425042E-02
   0.349450      0.417724E-02
   0.355805      0.410057E-02
   0.362175      0.404499E-02
   0.368560      0.399666E-02
   0.374955      0.396095E-02
   0.381356      0.392643E-02
   0.387756      0.390596E-02
   0.394154      0.386773E-02
   0.400548      0.384863E-02
   0.406941      0.382141E-02
   0.413334      0.379033E-02
   0.419728      0.377599E-02
   0.426126      0.374900E-02
   0.432527      0.373652E-02
   0.438930      0.369718E-02
   0.445334      0.369899E-02
   0.451738      0.367937E-02
   0.458141      0.365034E-02
   0.464541      0.365558E-02
   0.470939      0.362771E-02
   0.477333      0.360927E-02
   0.483723      0.360766E-02
   0.490109      0.359064E-02
   0.496490      0.357364E-02
   0.502868      0.356138E-02
   0.509242      0.354727E-02
   0.515614      0.353150E-02
   0.521981      0.351647E-02
   0.528346      0.350066E-02
   0.534706      0.348480E-02
   0.541061      0.346070E-02
   0.547411      0.345136E-02
   0.553756      0.343421E-02
   0.560098      0.340705E-02
   0.566440      0.338890E-02
   0.572784      0.336472E-02
   0.579134      0.334197E-02
   0.585490      0.331290E-02
   0.591851      0.329003E-02
   0.598214      0.326922E-02
   0.604576      0.324788E-02
   0.610931      0.322980E-02
   0.617279      0.321082E-02
   0.623618      0.318753E-02
   0.629952      0.316571E-02
   0.636284      0.314361E-02
   0.642619      0.311626E-02
   0.648960      0.308668E-02
   0.655308      0.305915E-02
   0.661661      0.303833E-02
   0.668018      0.300811E-02
   0.674376      0.298280E-02
   0.680733      0.296503E-02
   0.687087      0.293669E-02
   0.693438      0.291600E-02
   0.699786      0.289393E-02
   0.706133      0.286682E-02
   0.712479      0.285197E-02
   0.718823      0.282523E-02
   0.725167      0.280149E-02
   0.731511      0.278222E-02
   0.737853      0.275849E-02
   0.744192      0.274382E-02
   0.750527      0.271755E-02
   0.756854      0.270280E-02
   0.763171      0.268045E-02
   0.769478      0.266555E-02
   0.775777      0.264148E-02
   0.782069      0.262262E-02
   0.788361      0.259850E-02
   0.794652      0.257754E-02
   0.800942      0.255509E-02
   0.807226      0.253198E-02
   0.813497      0.251997E-02
   0.819750      0.250077E-02
   0.825985      0.247740E-02
   0.832203      0.246151E-02
   0.838409      0.243939E-02
   0.844607      0.241542E-02
   0.850796      0.238866E-02
   0.856970      0.236931E-02
   0.863123      0.234282E-02
   0.869251      0.232293E-02
   0.875355      0.229544E-02
   0.881440      0.226973E-02
   0.887509      0.224173E-02
   0.893554      0.220800E-02
   0.899557      0.218981E-02
   0.905492      0.216586E-02
   0.911345      0.214362E-02
   0.917116      0.211392E-02
   0.922818      0.206738E-02
   0.928456      0.201360E-02
   0.934017      0.195170E-02
   0.939480      0.188238E-02
   0.944833      0.178712E-02
   0.950095      0.167441E-02
   0.955303      0.153100E-02
   0.960476      0.136880E-02
   0.965586      0.121170E-02
   0.970574      0.104573E-02
   0.975386      0.871348E-03
   0.980008      0.711097E-03
   0.984482      0.589164E-03
   0.988834      0.500288E-03
   0.992988      0.420769E-03
   0.996824      0.321152E-03
    1.00000      0.258780E-03
    1.00010       0.00000    
    1.00336       0.00000    
    1.00693       0.00000    
    1.01081       0.00000    
    1.01505       0.00000    
    1.01967       0.00000    
    1.02470       0.00000    
    1.03019       0.00000    
    1.03617       0.00000    
    1.04269       0.00000    
    1.04979       0.00000    
    1.05753       0.00000    
    1.06596       0.00000    
    1.07514       0.00000    
    1.08514       0.00000    
    1.09603       0.00000    
    1.10789       0.00000    
    1.12080       0.00000    
    1.13487       0.00000    
    1.15018       0.00000    
    1.16686       0.00000    
    1.18501       0.00000    
    1.20478       0.00000    
    1.22631       0.00000    
    1.24974       0.00000    
    1.27525       0.00000    
    1.30302       0.00000    
    1.33325       0.00000    
    1.36615       0.00000    
    1.40197       0.00000    
    1.44096       0.00000    
    1.48340       0.00000    
    1.52958       0.00000    
    1.57986       0.00000    
    1.63457       0.00000    
    1.69411       0.00000    
    1.75892       0.00000    
    1.82944       0.00000    
    1.90619       0.00000    
    1.98972       0.00000    

   0.292856E-02  0.172428E-03
   0.218676E-02  0.284428E-03
   0.155661E-02  0.712729E-03
   0.104048E-02  0.924459E-03
   0.636134E-03  0.136083E-02
   0.335010E-03  0.189462E-02
   0.128880E-03  0.189058E-02
   0.119824E-04  0.290717E-02
  -0.185939E-04  0.307472E-02
   0.374342E-04  0.340419E-02
   0.186770E-03  0.511039E-02
   0.443205E-03  0.427156E-02
   0.825391E-03  0.623294E-02
   0.135655E-02  0.405932E-02
   0.204375E-02  0.256707E-02
   0.287174E-02  0.167647E-02
   0.381793E-02  0.296019E-03
   0.484979E-02  0.180153E-02
   0.594955E-02  0.947979E-02
   0.712232E-02  0.122829E-01
   0.837649E-02  0.111132E-01
   0.972574E-02  0.105151E-01
   0.111899E-01  0.948311E-02
   0.127879E-01  0.826370E-02
   0.145397E-01  0.727631E-02
   0.164634E-01  0.641519E-02
   0.185669E-01  0.604855E-02
   0.208533E-01  0.599112E-02
   0.233275E-01  0.585366E-02
   0.259980E-01  0.565795E-02
   0.288936E-01  0.530388E-02
   0.320658E-01  0.482193E-02
   0.355735E-01  0.440804E-02
   0.394642E-01  0.404618E-02
   0.437389E-01  0.383923E-02
   0.483584E-01  0.371263E-02
   0.532788E-01  0.353747E-02
   0.584909E-01  0.339179E-02
   0.639870E-01  0.326360E-02
   0.697242E-01  0.313200E-02
   0.756236E-01  0.304742E-02
   0.816180E-01  0.297131E-02
   0.876862E-01  0.286258E-02
   0.938457E-01  0.273546E-02
   0.100100      0.263978E-02
   0.106417      0.258200E-02
   0.112734      0.257313E-02
   0.119019      0.256098E-02
   0.125280      0.251875E-02
   0.131564      0.245138E-02
   0.137920      0.235704E-02
   0.144369      0.227749E-02
   0.150900      0.222151E-02
   0.157477      0.216912E-02
   0.164069      0.213242E-02
   0.170658      0.209706E-02
   0.177239      0.205131E-02
   0.183815      0.202823E-02
   0.190389      0.197990E-02
   0.196966      0.195922E-02
   0.203548      0.193762E-02
   0.210137      0.192358E-02
   0.216732      0.189862E-02
   0.223327      0.187982E-02
   0.229919      0.185027E-02
   0.236502      0.182762E-02
   0.243078      0.180005E-02
   0.249650      0.177641E-02
   0.256226      0.175670E-02
   0.262815      0.174270E-02
   0.269419      0.172717E-02
   0.276035      0.171248E-02
   0.282657      0.169994E-02
   0.289273      0.167636E-02
   0.295877      0.166021E-02
   0.302466      0.163884E-02
   0.309044      0.162641E-02
   0.315616      0.160791E-02
   0.322191      0.160068E-02
   0.328772      0.158726E-02
   0.335360      0.157541E-02
   0.341953      0.156547E-02
   0.348547      0.155106E-02
   0.355137      0.154011E-02
   0.361721      0.152572E-02
   0.368297      0.151436E-02
   0.374867      0.150268E-02
   0.381432      0.149426E-02
   0.387992      0.148081E-02
   0.394552      0.147360E-02
   0.401111      0.146458E-02
   0.407673      0.145490E-02
   0.414239      0.145119E-02
   0.420809      0.144177E-02
   0.427384      0.143526E-02
   0.433961      0.143026E-02
   0.440537      0.141931E-02
   0.447108      0.141432E-02
   0.453675      0.140751E-02
   0.460237      0.140100E-02
   0.466799      0.139442E-02
   0.473365      0.139030E-02
   0.479939      0.138615E-02
   0.486525      0.138459E-02
   0.493123      0.137900E-02
   0.499728      0.137513E-02
   0.506336      0.137062E-02
   0.512941      0.136309E-02
   0.519539      0.135785E-02
   0.526131      0.134872E-02
   0.532719      0.134748E-02
   0.539308      0.133904E-02
   0.545902      0.133378E-02
   0.552503      0.132939E-02
   0.559111      0.132472E-02
   0.565721      0.131743E-02
   0.572326      0.131171E-02
   0.578921      0.130359E-02
   0.585503      0.129511E-02
   0.592074      0.128928E-02
   0.598639      0.128369E-02
   0.605207      0.127689E-02
   0.611784      0.127329E-02
   0.618374      0.127187E-02
   0.624976      0.126481E-02
   0.631584      0.126075E-02
   0.638188      0.125156E-02
   0.644780      0.124596E-02
   0.651358      0.123781E-02
   0.657921      0.123090E-02
   0.664473      0.122356E-02
   0.671023      0.121843E-02
   0.677574      0.121488E-02
   0.684130      0.120735E-02
   0.690692      0.120499E-02
   0.697259      0.119831E-02
   0.703827      0.119450E-02
   0.710393      0.118858E-02
   0.716957      0.118237E-02
   0.723514      0.117725E-02
   0.730063      0.117005E-02
   0.736604      0.116548E-02
   0.743135      0.115907E-02
   0.749660      0.115133E-02
   0.756179      0.114672E-02
   0.762696      0.114230E-02
   0.769213      0.113826E-02
   0.775729      0.113363E-02
   0.782243      0.112906E-02
   0.788755      0.112290E-02
   0.795263      0.111960E-02
   0.801765      0.111376E-02
   0.808261      0.110857E-02
   0.814748      0.110231E-02
   0.821225      0.109860E-02
   0.827689      0.109142E-02
   0.834139      0.108794E-02
   0.840572      0.108227E-02
   0.846991      0.107907E-02
   0.853401      0.107326E-02
   0.859812      0.107290E-02
   0.866230      0.106984E-02
   0.872652      0.106828E-02
   0.879060      0.106260E-02
   0.885433      0.105973E-02
   0.891763      0.105102E-02
   0.898059      0.104753E-02
   0.904342      0.104790E-02
   0.910624      0.104834E-02
   0.916889      0.104582E-02
   0.923100      0.104363E-02
   0.929230      0.103623E-02
   0.935290      0.103771E-02
   0.941305      0.104272E-02
   0.947269      0.104668E-02
   0.953121      0.104929E-02
   0.958804      0.105028E-02
   0.964324      0.106230E-02
   0.969710      0.108153E-02
   0.974894      0.109257E-02
   0.979753      0.110187E-02
   0.984281      0.114784E-02
   0.988587      0.125840E-02
   0.992739      0.131880E-02
   0.996687      0.145038E-02
    1.00000      0.128048E-02
    1.00010       0.00000    
    1.00336       0.00000    
    1.00693       0.00000    
    1.01081       0.00000    
    1.01505       0.00000    
    1.01967       0.00000    
    1.02470       0.00000    
    1.03019       0.00000    
    1.03617       0.00000    
    1.04269       0.00000    
    1.04979       0.00000    
    1.05753       0.00000    
    1.06596       0.00000    
    1.07514       0.00000    
    1.08514       0.00000    
    1.09603       0.00000    
    1.10789       0.00000    
    1.12080       0.00000    
    1.13487       0.00000    
    1.15018       0.00000    
    1.16686       0.00000    
    1.18501       0.00000    
    1.20478       0.00000    
    1.22631       0.00000    
    1.24974       0.00000    
    1.27525       0.00000    
    1.30302       0.00000    
    1.33325       0.00000    
    1.36615       0.00000    
    1.40197       0.00000    
    1.44096       0.00000    
    1.48340       0.00000    
    1.52958       0.00000    
    1.57986       0.00000    
    1.63457       0.00000    
    1.69411       0.00000    
    1.75892       0.00000    
    1.82944       0.00000    
    1.90619       0.00000    
    1.98972       0.00000    

