#  AH 79-100 C AIRFOIL                             
#  alpha =  -7.0000
#  Mach  =   0.0000
#  Reyn  =  1000000
#  Ncrit =   9.0000
#
#    x           cf
   0.124792E-01  0.379888E-03
   0.143165E-01  0.905178E-03
   0.163648E-01  0.185042E-02
   0.186244E-01  0.221277E-02
   0.210864E-01  0.279971E-02
   0.237439E-01  0.333296E-02
   0.266015E-01  0.378906E-02
   0.296937E-01  0.360027E-02
   0.330625E-01  0.424601E-02
   0.367334E-01  0.383525E-02
   0.406870E-01  0.432984E-02
   0.448589E-01  0.430868E-02
   0.491911E-01  0.459790E-02
   0.536629E-01  0.462350E-02
   0.582936E-01  0.429246E-02
   0.630968E-01  0.441553E-02
   0.680587E-01  0.436975E-02
   0.731341E-01  0.446355E-02
   0.782821E-01  0.448209E-02
   0.834888E-01  0.448904E-02
   0.887708E-01  0.419458E-02
   0.941536E-01  0.412498E-02
   0.996431E-01  0.421765E-02
   0.105217      0.397578E-02
   0.110829      0.415100E-02
   0.116448      0.425351E-02
   0.122070      0.414853E-02
   0.127717      0.395533E-02
   0.133426      0.372718E-02
   0.139216      0.372148E-02
   0.145090      0.358052E-02
   0.151022      0.354600E-02
   0.156980      0.368783E-02
   0.162943      0.357862E-02
   0.168906      0.358581E-02
   0.174880      0.345519E-02
   0.180884      0.346410E-02
   0.186928      0.331142E-02
   0.193012      0.332379E-02
   0.199126      0.323977E-02
   0.205255      0.327045E-02
   0.211388      0.322719E-02
   0.217522      0.314825E-02
   0.223664      0.316955E-02
   0.229826      0.306640E-02
   0.236020      0.296593E-02
   0.242248      0.295536E-02
   0.248505      0.286363E-02
   0.254778      0.290808E-02
   0.261051      0.289798E-02
   0.267315      0.283741E-02
   0.273569      0.291198E-02
   0.279819      0.282631E-02
   0.286079      0.282166E-02
   0.292361      0.268262E-02
   0.298671      0.268257E-02
   0.305007      0.257854E-02
   0.311363      0.259756E-02
   0.317724      0.253981E-02
   0.324082      0.255595E-02
   0.330430      0.257079E-02
   0.336770      0.258914E-02
   0.343107      0.251247E-02
   0.349450      0.247365E-02
   0.355805      0.247325E-02
   0.362175      0.238434E-02
   0.368560      0.236654E-02
   0.374955      0.234950E-02
   0.381356      0.230420E-02
   0.387756      0.232055E-02
   0.394154      0.229717E-02
   0.400548      0.227183E-02
   0.406941      0.226940E-02
   0.413334      0.224168E-02
   0.419728      0.223138E-02
   0.426126      0.218774E-02
   0.432527      0.219279E-02
   0.438930      0.214294E-02
   0.445334      0.214939E-02
   0.451738      0.212271E-02
   0.458141      0.208849E-02
   0.464541      0.209505E-02
   0.470939      0.207025E-02
   0.477333      0.204005E-02
   0.483723      0.203670E-02
   0.490109      0.202573E-02
   0.496490      0.199228E-02
   0.502868      0.196780E-02
   0.509242      0.194715E-02
   0.515614      0.191918E-02
   0.521981      0.189633E-02
   0.528346      0.186030E-02
   0.534706      0.182654E-02
   0.541061      0.178062E-02
   0.547411      0.176259E-02
   0.553756      0.171957E-02
   0.560098      0.166915E-02
   0.566440      0.163331E-02
   0.572784      0.157341E-02
   0.579134      0.151815E-02
   0.585490      0.147251E-02
   0.591851      0.141975E-02
   0.598214      0.137436E-02
   0.604576      0.133997E-02
   0.610931      0.129599E-02
   0.617279      0.126173E-02
   0.623618      0.122212E-02
   0.629952      0.117195E-02
   0.636284      0.113188E-02
   0.642619      0.107453E-02
   0.648960      0.102698E-02
   0.655308      0.968963E-03
   0.661661      0.926580E-03
   0.668018      0.874902E-03
   0.674376      0.830685E-03
   0.680733      0.792931E-03
   0.687087      0.748220E-03
   0.693438      0.709163E-03
   0.699786      0.674827E-03
   0.706133      0.630482E-03
   0.712479      0.602415E-03
   0.718823      0.559699E-03
   0.725167      0.525480E-03
   0.731511      0.491596E-03
   0.737853      0.457540E-03
   0.744192      0.431557E-03
   0.750527      0.395379E-03
   0.756854      0.370451E-03
   0.763171      0.335485E-03
   0.769478      0.312524E-03
   0.775777      0.275163E-03
   0.782069      0.246671E-03
   0.788361      0.212497E-03
   0.794652      0.185330E-03
   0.800942      0.154835E-03
   0.807226      0.124692E-03
   0.813497      0.106959E-03
   0.819750      0.808464E-04
   0.825985      0.562187E-04
   0.832203      0.349721E-04
   0.838409      0.154748E-04
   0.844607     -0.692097E-05
   0.850796     -0.255946E-04
   0.856970     -0.388960E-04
   0.863123     -0.550060E-04
   0.869251     -0.640767E-04
   0.875355     -0.732773E-04
   0.881440     -0.793902E-04
   0.887509     -0.840233E-04
   0.893554     -0.862565E-04
   0.899557     -0.825317E-04
   0.905492     -0.756217E-04
   0.911345     -0.589075E-04
   0.917116     -0.151829E-04
   0.922818      0.162944E-03
   0.928456      0.426978E-03
   0.934017      0.773389E-03
   0.939480      0.111287E-02
   0.944833      0.137616E-02
   0.950095      0.152869E-02
   0.955303      0.154064E-02
   0.960476      0.144694E-02
   0.965586      0.129994E-02
   0.970574      0.110398E-02
   0.975386      0.874932E-03
   0.980008      0.670343E-03
   0.984482      0.519598E-03
   0.988834      0.419046E-03
   0.992988      0.330074E-03
   0.996824      0.219462E-03
    1.00000      0.135136E-03
    1.00010       0.00000    
    1.00336       0.00000    
    1.00692       0.00000    
    1.01080       0.00000    
    1.01503       0.00000    
    1.01965       0.00000    
    1.02467       0.00000    
    1.03015       0.00000    
    1.03612       0.00000    
    1.04263       0.00000    
    1.04971       0.00000    
    1.05743       0.00000    
    1.06584       0.00000    
    1.07499       0.00000    
    1.08496       0.00000    
    1.09582       0.00000    
    1.10765       0.00000    
    1.12053       0.00000    
    1.13455       0.00000    
    1.14982       0.00000    
    1.16644       0.00000    
    1.18454       0.00000    
    1.20424       0.00000    
    1.22569       0.00000    
    1.24904       0.00000    
    1.27446       0.00000    
    1.30213       0.00000    
    1.33225       0.00000    
    1.36503       0.00000    
    1.40071       0.00000    
    1.43955       0.00000    
    1.48182       0.00000    
    1.52782       0.00000    
    1.57789       0.00000    
    1.63238       0.00000    
    1.69168       0.00000    
    1.75621       0.00000    
    1.82644       0.00000    
    1.90286       0.00000    
    1.98603       0.00000    

   0.108353E-01  0.612786E-03
   0.936206E-02  0.174635E-02
   0.803471E-02  0.296310E-02
   0.682801E-02  0.416008E-02
   0.572383E-02  0.592347E-02
   0.470924E-02  0.825527E-02
   0.377458E-02  0.104087E-01
   0.292856E-02  0.163514E-01
   0.218676E-02  0.194078E-01
   0.155661E-02  0.259643E-01
   0.104048E-02  0.319060E-01
   0.636134E-03  0.352675E-01
   0.335010E-03  0.430842E-01
   0.128880E-03  0.435878E-01
   0.119824E-04  0.542222E-01
  -0.185939E-04  0.604512E-01
   0.374342E-04  0.602968E-01
   0.186770E-03  0.804860E-01
   0.443205E-03  0.769051E-01
   0.825391E-03  0.820548E-01
   0.135655E-02  0.536957E-01
   0.204375E-02  0.223129E-01
   0.287174E-02  0.112422E-02
   0.381793E-02 -0.400105E-02
   0.484979E-02 -0.368665E-02
   0.594955E-02 -0.331603E-02
   0.712232E-02 -0.307268E-02
   0.837649E-02 -0.282597E-02
   0.972574E-02 -0.258802E-02
   0.111899E-01 -0.234939E-02
   0.127879E-01 -0.217647E-02
   0.145397E-01 -0.803849E-03
   0.164634E-01  0.220819E-02
   0.185669E-01  0.548388E-02
   0.208533E-01  0.772243E-02
   0.233275E-01  0.100793E-01
   0.259980E-01  0.113378E-01
   0.288936E-01  0.114850E-01
   0.320658E-01  0.109142E-01
   0.355735E-01  0.100383E-01
   0.394642E-01  0.915391E-02
   0.437389E-01  0.848053E-02
   0.483584E-01  0.802389E-02
   0.532788E-01  0.738568E-02
   0.584909E-01  0.694442E-02
   0.639870E-01  0.648896E-02
   0.697242E-01  0.605507E-02
   0.756236E-01  0.576904E-02
   0.816180E-01  0.547625E-02
   0.876862E-01  0.519864E-02
   0.938457E-01  0.487481E-02
   0.100100      0.463426E-02
   0.106417      0.447512E-02
   0.112734      0.438506E-02
   0.119019      0.429712E-02
   0.125280      0.419109E-02
   0.131564      0.402322E-02
   0.137920      0.384776E-02
   0.144369      0.367542E-02
   0.150900      0.354836E-02
   0.157477      0.342163E-02
   0.164069      0.332411E-02
   0.170658      0.324031E-02
   0.177239      0.314897E-02
   0.183815      0.308660E-02
   0.190389      0.299435E-02
   0.196966      0.294700E-02
   0.203548      0.288924E-02
   0.210137      0.285498E-02
   0.216732      0.280745E-02
   0.223327      0.276031E-02
   0.229919      0.271400E-02
   0.236502      0.265830E-02
   0.243078      0.262055E-02
   0.249650      0.257548E-02
   0.256226      0.254082E-02
   0.262815      0.251340E-02
   0.269419      0.247639E-02
   0.276035      0.245580E-02
   0.282657      0.242258E-02
   0.289273      0.238597E-02
   0.295877      0.236358E-02
   0.302466      0.233387E-02
   0.309044      0.230149E-02
   0.315616      0.228346E-02
   0.322191      0.226297E-02
   0.328772      0.224140E-02
   0.335360      0.222365E-02
   0.341953      0.220351E-02
   0.348547      0.218388E-02
   0.355137      0.216577E-02
   0.361721      0.214351E-02
   0.368297      0.212995E-02
   0.374867      0.211186E-02
   0.381432      0.209577E-02
   0.387992      0.208293E-02
   0.394552      0.206658E-02
   0.401111      0.205667E-02
   0.407673      0.204676E-02
   0.414239      0.203392E-02
   0.420809      0.202419E-02
   0.427384      0.201381E-02
   0.433961      0.200680E-02
   0.440537      0.199856E-02
   0.447108      0.198835E-02
   0.453675      0.198166E-02
   0.460237      0.197372E-02
   0.466799      0.196521E-02
   0.473365      0.196150E-02
   0.479939      0.195535E-02
   0.486525      0.195254E-02
   0.493123      0.194787E-02
   0.499728      0.194203E-02
   0.506336      0.193589E-02
   0.512941      0.192892E-02
   0.519539      0.192160E-02
   0.526131      0.191342E-02
   0.532719      0.190950E-02
   0.539308      0.190023E-02
   0.545902      0.189305E-02
   0.552503      0.188803E-02
   0.559111      0.188109E-02
   0.565721      0.187172E-02
   0.572326      0.186415E-02
   0.578921      0.185397E-02
   0.585503      0.184461E-02
   0.592074      0.183593E-02
   0.598639      0.182883E-02
   0.605207      0.182040E-02
   0.611784      0.181452E-02
   0.618374      0.180927E-02
   0.624976      0.180128E-02
   0.631584      0.179316E-02
   0.638188      0.178349E-02
   0.644780      0.177526E-02
   0.651358      0.176502E-02
   0.657921      0.175630E-02
   0.664473      0.174611E-02
   0.671023      0.173863E-02
   0.677574      0.173146E-02
   0.684130      0.172231E-02
   0.690692      0.171705E-02
   0.697259      0.170841E-02
   0.703827      0.170192E-02
   0.710393      0.169279E-02
   0.716957      0.168518E-02
   0.723514      0.167697E-02
   0.730063      0.166837E-02
   0.736604      0.166117E-02
   0.743135      0.165155E-02
   0.749660      0.164310E-02
   0.756179      0.163574E-02
   0.762696      0.162911E-02
   0.769213      0.162265E-02
   0.775729      0.161650E-02
   0.782243      0.160950E-02
   0.788755      0.160217E-02
   0.795263      0.159633E-02
   0.801765      0.158860E-02
   0.808261      0.158304E-02
   0.814748      0.157549E-02
   0.821225      0.156988E-02
   0.827689      0.156261E-02
   0.834139      0.155781E-02
   0.840572      0.155248E-02
   0.846991      0.154824E-02
   0.853401      0.154380E-02
   0.859812      0.154112E-02
   0.866230      0.153912E-02
   0.872652      0.153846E-02
   0.879060      0.153477E-02
   0.885433      0.153188E-02
   0.891763      0.152792E-02
   0.898059      0.152636E-02
   0.904342      0.152960E-02
   0.910624      0.153216E-02
   0.916889      0.153477E-02
   0.923100      0.153862E-02
   0.929230      0.153944E-02
   0.935290      0.154770E-02
   0.941305      0.155972E-02
   0.947269      0.157233E-02
   0.953121      0.158747E-02
   0.958804      0.160373E-02
   0.964324      0.162809E-02
   0.969710      0.165974E-02
   0.974894      0.169139E-02
   0.979753      0.172516E-02
   0.984281      0.178440E-02
   0.988587      0.188005E-02
   0.992739      0.195015E-02
   0.996687      0.204650E-02
    1.00000      0.194806E-02
    1.00010       0.00000    
    1.00336       0.00000    
    1.00692       0.00000    
    1.01080       0.00000    
    1.01503       0.00000    
    1.01965       0.00000    
    1.02467       0.00000    
    1.03015       0.00000    
    1.03612       0.00000    
    1.04263       0.00000    
    1.04971       0.00000    
    1.05743       0.00000    
    1.06584       0.00000    
    1.07499       0.00000    
    1.08496       0.00000    
    1.09582       0.00000    
    1.10765       0.00000    
    1.12053       0.00000    
    1.13455       0.00000    
    1.14982       0.00000    
    1.16644       0.00000    
    1.18454       0.00000    
    1.20424       0.00000    
    1.22569       0.00000    
    1.24904       0.00000    
    1.27446       0.00000    
    1.30213       0.00000    
    1.33225       0.00000    
    1.36503       0.00000    
    1.40071       0.00000    
    1.43955       0.00000    
    1.48182       0.00000    
    1.52782       0.00000    
    1.57789       0.00000    
    1.63238       0.00000    
    1.69168       0.00000    
    1.75621       0.00000    
    1.82644       0.00000    
    1.90286       0.00000    
    1.98603       0.00000    

