#  AH 79-100 C AIRFOIL                             
#  alpha =   2.5000
#  Mach  =   0.0000
#  Reyn  =100000000
#  Ncrit =   9.0000
#
#    x           cf
   0.135655E-02  0.160503E-03
   0.825391E-03  0.666101E-03
   0.443205E-03  0.103557E-02
   0.186770E-03  0.117045E-02
   0.374342E-04  0.215275E-02
  -0.185939E-04  0.104090E-02
   0.119824E-04  0.283337E-02
   0.128880E-03  0.167216E-02
   0.335010E-03  0.243824E-02
   0.636134E-03  0.196140E-02
   0.104048E-02  0.239481E-02
   0.155661E-02  0.137908E-02
   0.218676E-02  0.167959E-02
   0.292856E-02  0.832638E-03
   0.377458E-02  0.926607E-03
   0.470924E-02  0.779837E-03
   0.572383E-02  0.113930E-02
   0.682801E-02  0.126268E-02
   0.803471E-02  0.111597E-02
   0.936206E-02  0.126213E-02
   0.108353E-01  0.100266E-02
   0.124792E-01  0.948519E-03
   0.143165E-01  0.760086E-03
   0.163648E-01  0.742125E-03
   0.186244E-01  0.844048E-03
   0.210864E-01  0.927673E-03
   0.237439E-01  0.100745E-02
   0.266015E-01  0.950181E-03
   0.296937E-01  0.820414E-03
   0.330625E-01  0.634905E-03
   0.367334E-01  0.581870E-03
   0.406870E-01  0.614572E-03
   0.448589E-01  0.641665E-03
   0.491911E-01  0.676120E-03
   0.536629E-01  0.617626E-03
   0.582936E-01  0.569015E-03
   0.630968E-01  0.511570E-03
   0.680587E-01  0.510820E-03
   0.731341E-01  0.177849E-02
   0.782821E-01  0.585004E-02
   0.834888E-01  0.671829E-02
   0.887708E-01  0.616842E-02
   0.941536E-01  0.586586E-02
   0.996431E-01  0.568875E-02
   0.105217      0.556709E-02
   0.110829      0.556051E-02
   0.116448      0.550113E-02
   0.122070      0.544433E-02
   0.127717      0.534627E-02
   0.133426      0.524486E-02
   0.139216      0.513131E-02
   0.145090      0.506124E-02
   0.151022      0.501285E-02
   0.156980      0.498889E-02
   0.162943      0.496439E-02
   0.168906      0.493299E-02
   0.174880      0.490669E-02
   0.180884      0.484754E-02
   0.186928      0.480143E-02
   0.193012      0.472856E-02
   0.199126      0.471727E-02
   0.205255      0.468697E-02
   0.211388      0.466312E-02
   0.217522      0.463354E-02
   0.223664      0.460513E-02
   0.229826      0.456993E-02
   0.236020      0.452765E-02
   0.242248      0.447528E-02
   0.248505      0.444807E-02
   0.254778      0.442197E-02
   0.261051      0.441471E-02
   0.267315      0.438784E-02
   0.273569      0.440243E-02
   0.279819      0.435521E-02
   0.286079      0.433983E-02
   0.292361      0.428383E-02
   0.298671      0.426677E-02
   0.305007      0.422242E-02
   0.311363      0.420213E-02
   0.317724      0.417998E-02
   0.324082      0.416407E-02
   0.330430      0.416554E-02
   0.336770      0.413975E-02
   0.343107      0.413142E-02
   0.349450      0.409258E-02
   0.355805      0.407354E-02
   0.362175      0.404521E-02
   0.368560      0.401940E-02
   0.374955      0.399840E-02
   0.381356      0.398242E-02
   0.387756      0.396718E-02
   0.394154      0.394866E-02
   0.400548      0.393509E-02
   0.406941      0.390867E-02
   0.413334      0.390647E-02
   0.419728      0.387855E-02
   0.426126      0.386317E-02
   0.432527      0.384027E-02
   0.438930      0.382426E-02
   0.445334      0.381380E-02
   0.451738      0.379131E-02
   0.458141      0.377498E-02
   0.464541      0.376434E-02
   0.470939      0.374115E-02
   0.477333      0.372870E-02
   0.483723      0.371501E-02
   0.490109      0.369667E-02
   0.496490      0.367895E-02
   0.502868      0.366087E-02
   0.509242      0.364246E-02
   0.515614      0.362734E-02
   0.521981      0.360064E-02
   0.528346      0.358554E-02
   0.534706      0.356365E-02
   0.541061      0.353780E-02
   0.547411      0.351879E-02
   0.553756      0.349040E-02
   0.560098      0.346471E-02
   0.566440      0.343777E-02
   0.572784      0.340432E-02
   0.579134      0.338125E-02
   0.585490      0.334054E-02
   0.591851      0.330916E-02
   0.598214      0.328378E-02
   0.604576      0.325154E-02
   0.610931      0.322509E-02
   0.617279      0.319876E-02
   0.623618      0.316565E-02
   0.629952      0.314008E-02
   0.636284      0.310217E-02
   0.642619      0.307385E-02
   0.648960      0.303410E-02
   0.655308      0.300069E-02
   0.661661      0.296710E-02
   0.668018      0.293342E-02
   0.674376      0.289880E-02
   0.680733      0.286813E-02
   0.687087      0.283741E-02
   0.693438      0.280563E-02
   0.699786      0.277399E-02
   0.706133      0.274190E-02
   0.712479      0.271466E-02
   0.718823      0.268437E-02
   0.725167      0.264901E-02
   0.731511      0.262333E-02
   0.737853      0.259424E-02
   0.744192      0.256531E-02
   0.750527      0.253615E-02
   0.756854      0.250692E-02
   0.763171      0.248308E-02
   0.769478      0.245481E-02
   0.775777      0.242798E-02
   0.782069      0.239874E-02
   0.788361      0.236767E-02
   0.794652      0.233885E-02
   0.800942      0.230901E-02
   0.807226      0.227820E-02
   0.813497      0.225328E-02
   0.819750      0.222481E-02
   0.825985      0.220104E-02
   0.832203      0.216940E-02
   0.838409      0.213932E-02
   0.844607      0.210603E-02
   0.850796      0.207098E-02
   0.856970      0.204042E-02
   0.863123      0.201011E-02
   0.869251      0.197428E-02
   0.875355      0.193614E-02
   0.881440      0.189627E-02
   0.887509      0.185920E-02
   0.893554      0.181781E-02
   0.899557      0.177700E-02
   0.905492      0.174069E-02
   0.911345      0.169590E-02
   0.917116      0.164701E-02
   0.922818      0.158415E-02
   0.928456      0.151230E-02
   0.934017      0.143413E-02
   0.939480      0.134391E-02
   0.944833      0.124097E-02
   0.950095      0.111795E-02
   0.955303      0.983392E-03
   0.960476      0.845466E-03
   0.965586      0.713670E-03
   0.970574      0.588112E-03
   0.975386      0.471473E-03
   0.980008      0.370774E-03
   0.984482      0.296438E-03
   0.988834      0.239952E-03
   0.992988      0.193068E-03
   0.996824      0.143236E-03
    1.00000      0.110495E-03
    1.00010       0.00000    
    1.00337       0.00000    
    1.00693       0.00000    
    1.01083       0.00000    
    1.01508       0.00000    
    1.01971       0.00000    
    1.02477       0.00000    
    1.03028       0.00000    
    1.03628       0.00000    
    1.04283       0.00000    
    1.04996       0.00000    
    1.05774       0.00000    
    1.06621       0.00000    
    1.07544       0.00000    
    1.08549       0.00000    
    1.09644       0.00000    
    1.10836       0.00000    
    1.12135       0.00000    
    1.13550       0.00000    
    1.15090       0.00000    
    1.16768       0.00000    
    1.18594       0.00000    
    1.20583       0.00000    
    1.22749       0.00000    
    1.25106       0.00000    
    1.27673       0.00000    
    1.30467       0.00000    
    1.33508       0.00000    
    1.36819       0.00000    
    1.40422       0.00000    
    1.44345       0.00000    
    1.48613       0.00000    
    1.53259       0.00000    
    1.58315       0.00000    
    1.63818       0.00000    
    1.69806       0.00000    
    1.76322       0.00000    
    1.83413       0.00000    
    1.91128       0.00000    
    1.99524       0.00000    

   0.204375E-02  0.232317E-03
   0.287174E-02  0.449562E-03
   0.381793E-02  0.645449E-03
   0.484979E-02  0.610911E-03
   0.594955E-02  0.860441E-03
   0.712232E-02  0.979812E-03
   0.837649E-02  0.866115E-03
   0.972574E-02  0.106052E-02
   0.111899E-01  0.719483E-03
   0.127879E-01  0.897414E-03
   0.145397E-01  0.547470E-03
   0.164634E-01  0.500157E-03
   0.185669E-01  0.716482E-03
   0.208533E-01  0.455555E-03
   0.233275E-01  0.719353E-03
   0.259980E-01  0.517557E-03
   0.288936E-01  0.509684E-03
   0.320658E-01  0.415676E-03
   0.355735E-01  0.352609E-03
   0.394642E-01  0.308535E-03
   0.437389E-01  0.311965E-03
   0.483584E-01  0.347168E-03
   0.532788E-01  0.297811E-03
   0.584909E-01  0.263952E-03
   0.639870E-01  0.262112E-03
   0.697242E-01  0.241615E-03
   0.756236E-01  0.244881E-03
   0.816180E-01  0.225351E-03
   0.876862E-01  0.215098E-03
   0.938457E-01  0.180638E-03
   0.100100      0.160419E-03
   0.106417      0.179233E-03
   0.112734      0.190237E-03
   0.119019      0.203635E-03
   0.125280      0.170744E-02
   0.131564      0.224270E-02
   0.137920      0.219539E-02
   0.144369      0.204968E-02
   0.150900      0.199200E-02
   0.157477      0.191239E-02
   0.164069      0.187454E-02
   0.170658      0.185637E-02
   0.177239      0.180092E-02
   0.183815      0.178531E-02
   0.190389      0.174438E-02
   0.196966      0.171868E-02
   0.203548      0.171036E-02
   0.210137      0.168555E-02
   0.216732      0.168382E-02
   0.223327      0.166089E-02
   0.229919      0.163287E-02
   0.236502      0.162549E-02
   0.243078      0.158926E-02
   0.249650      0.158072E-02
   0.256226      0.156226E-02
   0.262815      0.155504E-02
   0.269419      0.154585E-02
   0.276035      0.153603E-02
   0.282657      0.152113E-02
   0.289273      0.151407E-02
   0.295877      0.150156E-02
   0.302466      0.148069E-02
   0.309044      0.147131E-02
   0.315616      0.146413E-02
   0.322191      0.145790E-02
   0.328772      0.145050E-02
   0.335360      0.144110E-02
   0.341953      0.143546E-02
   0.348547      0.142596E-02
   0.355137      0.141628E-02
   0.361721      0.140921E-02
   0.368297      0.140059E-02
   0.374867      0.139403E-02
   0.381432      0.138311E-02
   0.387992      0.138341E-02
   0.394552      0.137451E-02
   0.401111      0.136480E-02
   0.407673      0.136354E-02
   0.414239      0.136119E-02
   0.420809      0.135174E-02
   0.427384      0.135269E-02
   0.433961      0.134862E-02
   0.440537      0.134117E-02
   0.447108      0.133813E-02
   0.453675      0.133726E-02
   0.460237      0.132844E-02
   0.466799      0.132785E-02
   0.473365      0.132628E-02
   0.479939      0.132244E-02
   0.486525      0.132302E-02
   0.493123      0.132174E-02
   0.499728      0.131892E-02
   0.506336      0.131725E-02
   0.512941      0.131378E-02
   0.519539      0.130543E-02
   0.526131      0.130258E-02
   0.532719      0.130232E-02
   0.539308      0.129336E-02
   0.545902      0.129372E-02
   0.552503      0.129163E-02
   0.559111      0.129007E-02
   0.565721      0.128140E-02
   0.572326      0.128227E-02
   0.578921      0.127205E-02
   0.585503      0.127054E-02
   0.592074      0.126352E-02
   0.598639      0.125896E-02
   0.605207      0.125854E-02
   0.611784      0.125709E-02
   0.618374      0.125444E-02
   0.624976      0.125612E-02
   0.631584      0.124940E-02
   0.638188      0.124708E-02
   0.644780      0.123918E-02
   0.651358      0.123561E-02
   0.657921      0.122980E-02
   0.664473      0.122480E-02
   0.671023      0.122398E-02
   0.677574      0.122035E-02
   0.684130      0.121913E-02
   0.690692      0.121722E-02
   0.697259      0.121537E-02
   0.703827      0.121137E-02
   0.710393      0.120986E-02
   0.716957      0.120782E-02
   0.723514      0.120206E-02
   0.730063      0.119897E-02
   0.736604      0.119540E-02
   0.743135      0.119334E-02
   0.749660      0.118848E-02
   0.756179      0.118708E-02
   0.762696      0.118419E-02
   0.769213      0.118155E-02
   0.775729      0.117958E-02
   0.782243      0.118089E-02
   0.788755      0.117831E-02
   0.795263      0.117497E-02
   0.801765      0.117577E-02
   0.808261      0.116937E-02
   0.814748      0.116873E-02
   0.821225      0.116744E-02
   0.827689      0.116236E-02
   0.834139      0.116103E-02
   0.840572      0.116225E-02
   0.846991      0.115542E-02
   0.853401      0.115978E-02
   0.859812      0.116062E-02
   0.866230      0.116335E-02
   0.872652      0.116615E-02
   0.879060      0.116031E-02
   0.885433      0.116288E-02
   0.891763      0.115626E-02
   0.898059      0.115784E-02
   0.904342      0.116317E-02
   0.910624      0.117006E-02
   0.916889      0.117257E-02
   0.923100      0.117113E-02
   0.929230      0.117081E-02
   0.935290      0.117794E-02
   0.941305      0.119070E-02
   0.947269      0.120201E-02
   0.953121      0.120987E-02
   0.958804      0.121986E-02
   0.964324      0.124254E-02
   0.969710      0.127376E-02
   0.974894      0.129982E-02
   0.979753      0.131879E-02
   0.984281      0.138507E-02
   0.988587      0.159960E-02
   0.992739      0.170592E-02
   0.996687      0.201696E-02
    1.00000      0.166657E-02
    1.00010       0.00000    
    1.00337       0.00000    
    1.00693       0.00000    
    1.01083       0.00000    
    1.01508       0.00000    
    1.01971       0.00000    
    1.02477       0.00000    
    1.03028       0.00000    
    1.03628       0.00000    
    1.04283       0.00000    
    1.04996       0.00000    
    1.05774       0.00000    
    1.06621       0.00000    
    1.07544       0.00000    
    1.08549       0.00000    
    1.09644       0.00000    
    1.10836       0.00000    
    1.12135       0.00000    
    1.13550       0.00000    
    1.15090       0.00000    
    1.16768       0.00000    
    1.18594       0.00000    
    1.20583       0.00000    
    1.22749       0.00000    
    1.25106       0.00000    
    1.27673       0.00000    
    1.30467       0.00000    
    1.33508       0.00000    
    1.36819       0.00000    
    1.40422       0.00000    
    1.44345       0.00000    
    1.48613       0.00000    
    1.53259       0.00000    
    1.58315       0.00000    
    1.63818       0.00000    
    1.69806       0.00000    
    1.76322       0.00000    
    1.83413       0.00000    
    1.91128       0.00000    
    1.99524       0.00000    

