#  AH 79-100 C AIRFOIL                             
#  alpha =  -4.5000
#  Mach  =   0.0000
#  Reyn  =  1000000
#  Ncrit =   9.0000
#
#    x           cf
   0.572383E-02  0.126846E-02
   0.682801E-02  0.153639E-02
   0.803471E-02  0.333166E-02
   0.936206E-02  0.301926E-02
   0.108353E-01  0.426947E-02
   0.124792E-01  0.424351E-02
   0.143165E-01  0.438923E-02
   0.163648E-01  0.461187E-02
   0.186244E-01  0.510465E-02
   0.210864E-01  0.566600E-02
   0.237439E-01  0.562227E-02
   0.266015E-01  0.580377E-02
   0.296937E-01  0.596863E-02
   0.330625E-01  0.528074E-02
   0.367334E-01  0.525146E-02
   0.406870E-01  0.546863E-02
   0.448589E-01  0.562176E-02
   0.491911E-01  0.548034E-02
   0.536629E-01  0.552672E-02
   0.582936E-01  0.518652E-02
   0.630968E-01  0.502922E-02
   0.680587E-01  0.500145E-02
   0.731341E-01  0.504768E-02
   0.782821E-01  0.496863E-02
   0.834888E-01  0.501938E-02
   0.887708E-01  0.453308E-02
   0.941536E-01  0.456408E-02
   0.996431E-01  0.450910E-02
   0.105217      0.419589E-02
   0.110829      0.447246E-02
   0.116448      0.448344E-02
   0.122070      0.434258E-02
   0.127717      0.417834E-02
   0.133426      0.396886E-02
   0.139216      0.381009E-02
   0.145090      0.360509E-02
   0.151022      0.364581E-02
   0.156980      0.371674E-02
   0.162943      0.362906E-02
   0.168906      0.370167E-02
   0.174880      0.353298E-02
   0.180884      0.348505E-02
   0.186928      0.335325E-02
   0.193012      0.327326E-02
   0.199126      0.325755E-02
   0.205255      0.319995E-02
   0.211388      0.321781E-02
   0.217522      0.318580E-02
   0.223664      0.313834E-02
   0.229826      0.300940E-02
   0.236020      0.296528E-02
   0.242248      0.286265E-02
   0.248505      0.280454E-02
   0.254778      0.282720E-02
   0.261051      0.285358E-02
   0.267315      0.275115E-02
   0.273569      0.286722E-02
   0.279819      0.273227E-02
   0.286079      0.273886E-02
   0.292361      0.260640E-02
   0.298671      0.256031E-02
   0.305007      0.252401E-02
   0.311363      0.246234E-02
   0.317724      0.246026E-02
   0.324082      0.245579E-02
   0.330430      0.245751E-02
   0.336770      0.246030E-02
   0.343107      0.241260E-02
   0.349450      0.235927E-02
   0.355805      0.232698E-02
   0.362175      0.229020E-02
   0.368560      0.223195E-02
   0.374955      0.221445E-02
   0.381356      0.219199E-02
   0.387756      0.218680E-02
   0.394154      0.215968E-02
   0.400548      0.214652E-02
   0.406941      0.212467E-02
   0.413334      0.211247E-02
   0.419728      0.207200E-02
   0.426126      0.206695E-02
   0.432527      0.204216E-02
   0.438930      0.199098E-02
   0.445334      0.200725E-02
   0.451738      0.196686E-02
   0.458141      0.195322E-02
   0.464541      0.194200E-02
   0.470939      0.191880E-02
   0.477333      0.188749E-02
   0.483723      0.187290E-02
   0.490109      0.185522E-02
   0.496490      0.183434E-02
   0.502868      0.180517E-02
   0.509242      0.178089E-02
   0.515614      0.175616E-02
   0.521981      0.172117E-02
   0.528346      0.168342E-02
   0.534706      0.165610E-02
   0.541061      0.160787E-02
   0.547411      0.156785E-02
   0.553756      0.153801E-02
   0.560098      0.148037E-02
   0.566440      0.143041E-02
   0.572784      0.137291E-02
   0.579134      0.132001E-02
   0.585490      0.125792E-02
   0.591851      0.120183E-02
   0.598214      0.115577E-02
   0.604576      0.111169E-02
   0.610931      0.106931E-02
   0.617279      0.102006E-02
   0.623618      0.973812E-03
   0.629952      0.923056E-03
   0.636284      0.873090E-03
   0.642619      0.807688E-03
   0.648960      0.754179E-03
   0.655308      0.686278E-03
   0.661661      0.639904E-03
   0.668018      0.580780E-03
   0.674376      0.532417E-03
   0.680733      0.481463E-03
   0.687087      0.432904E-03
   0.693438      0.389511E-03
   0.699786      0.343194E-03
   0.706133      0.298093E-03
   0.712479      0.261601E-03
   0.718823      0.220017E-03
   0.725167      0.179971E-03
   0.731511      0.147994E-03
   0.737853      0.113636E-03
   0.744192      0.871031E-04
   0.750527      0.584066E-04
   0.756854      0.355425E-04
   0.763171      0.128946E-04
   0.769478     -0.471460E-05
   0.775777     -0.226002E-04
   0.782069     -0.373412E-04
   0.788361     -0.515093E-04
   0.794652     -0.622844E-04
   0.800942     -0.707347E-04
   0.807226     -0.763923E-04
   0.813497     -0.780799E-04
   0.819750     -0.768024E-04
   0.825985     -0.752114E-04
   0.832203     -0.688161E-04
   0.838409     -0.573010E-04
   0.844607     -0.395873E-04
   0.850796     -0.761700E-05
   0.856970      0.902497E-04
   0.863123      0.346051E-03
   0.869251      0.805460E-03
   0.875355      0.138616E-02
   0.881440      0.202218E-02
   0.887509      0.261276E-02
   0.893554      0.312420E-02
   0.899557      0.356311E-02
   0.905492      0.389547E-02
   0.911345      0.416009E-02
   0.917116      0.433068E-02
   0.922818      0.439764E-02
   0.928456      0.440450E-02
   0.934017      0.435496E-02
   0.939480      0.425670E-02
   0.944833      0.405683E-02
   0.950095      0.380653E-02
   0.955303      0.345622E-02
   0.960476      0.305584E-02
   0.965586      0.267551E-02
   0.970574      0.226374E-02
   0.975386      0.185670E-02
   0.980008      0.148828E-02
   0.984482      0.121728E-02
   0.988834      0.102320E-02
   0.992988      0.853484E-03
   0.996824      0.648485E-03
    1.00000      0.508523E-03
    1.00010       0.00000    
    1.00336       0.00000    
    1.00692       0.00000    
    1.01081       0.00000    
    1.01505       0.00000    
    1.01966       0.00000    
    1.02470       0.00000    
    1.03019       0.00000    
    1.03617       0.00000    
    1.04268       0.00000    
    1.04978       0.00000    
    1.05751       0.00000    
    1.06594       0.00000    
    1.07511       0.00000    
    1.08511       0.00000    
    1.09599       0.00000    
    1.10785       0.00000    
    1.12076       0.00000    
    1.13481       0.00000    
    1.15012       0.00000    
    1.16679       0.00000    
    1.18494       0.00000    
    1.20470       0.00000    
    1.22621       0.00000    
    1.24963       0.00000    
    1.27512       0.00000    
    1.30288       0.00000    
    1.33309       0.00000    
    1.36597       0.00000    
    1.40177       0.00000    
    1.44074       0.00000    
    1.48315       0.00000    
    1.52931       0.00000    
    1.57955       0.00000    
    1.63423       0.00000    
    1.69373       0.00000    
    1.75850       0.00000    
    1.82898       0.00000    
    1.90568       0.00000    
    1.98915       0.00000    

   0.470924E-02  0.984333E-04
   0.377458E-02  0.113443E-02
   0.292856E-02  0.389088E-02
   0.218676E-02  0.508979E-02
   0.155661E-02  0.104152E-01
   0.104048E-02  0.109261E-01
   0.636134E-03  0.189110E-01
   0.335010E-03  0.198725E-01
   0.128880E-03  0.265485E-01
   0.119824E-04  0.265449E-01
  -0.185939E-04  0.409860E-01
   0.374342E-04  0.348238E-01
   0.186770E-03  0.547056E-01
   0.443205E-03  0.479946E-01
   0.825391E-03  0.625611E-01
   0.135655E-02  0.430152E-01
   0.204375E-02  0.280286E-01
   0.287174E-02  0.151834E-01
   0.381793E-02  0.812291E-02
   0.484979E-02  0.817853E-02
   0.594955E-02  0.108328E-01
   0.712232E-02  0.135769E-01
   0.837649E-02  0.122873E-01
   0.972574E-02  0.753753E-02
   0.111899E-01  0.822593E-03
   0.127879E-01 -0.154555E-02
   0.145397E-01 -0.141144E-02
   0.164634E-01 -0.127613E-02
   0.185669E-01 -0.120582E-02
   0.208533E-01 -0.115226E-02
   0.233275E-01 -0.110293E-02
   0.259980E-01 -0.105381E-02
   0.288936E-01 -0.286000E-03
   0.320658E-01  0.226667E-02
   0.355735E-01  0.452509E-02
   0.394642E-01  0.638297E-02
   0.437389E-01  0.746820E-02
   0.483584E-01  0.799539E-02
   0.532788E-01  0.807207E-02
   0.584909E-01  0.789817E-02
   0.639870E-01  0.764560E-02
   0.697242E-01  0.737113E-02
   0.756236E-01  0.711864E-02
   0.816180E-01  0.685440E-02
   0.876862E-01  0.652039E-02
   0.938457E-01  0.623668E-02
   0.100100      0.589405E-02
   0.106417      0.573033E-02
   0.112734      0.559904E-02
   0.119019      0.549131E-02
   0.125280      0.534588E-02
   0.131564      0.516176E-02
   0.137920      0.491765E-02
   0.144369      0.470446E-02
   0.150900      0.453384E-02
   0.157477      0.438651E-02
   0.164069      0.425815E-02
   0.170658      0.415376E-02
   0.177239      0.403888E-02
   0.183815      0.392526E-02
   0.190389      0.382621E-02
   0.196966      0.375688E-02
   0.203548      0.367235E-02
   0.210137      0.362558E-02
   0.216732      0.355728E-02
   0.223327      0.349557E-02
   0.229919      0.342796E-02
   0.236502      0.335474E-02
   0.243078      0.329440E-02
   0.249650      0.323999E-02
   0.256226      0.318142E-02
   0.262815      0.314127E-02
   0.269419      0.310036E-02
   0.276035      0.305756E-02
   0.282657      0.302215E-02
   0.289273      0.297385E-02
   0.295877      0.293206E-02
   0.302466      0.288744E-02
   0.309044      0.285234E-02
   0.315616      0.282098E-02
   0.322191      0.279008E-02
   0.328772      0.276741E-02
   0.335360      0.273312E-02
   0.341953      0.270698E-02
   0.348547      0.268050E-02
   0.355137      0.265167E-02
   0.361721      0.262464E-02
   0.368297      0.260310E-02
   0.374867      0.257635E-02
   0.381432      0.255416E-02
   0.387992      0.253432E-02
   0.394552      0.251372E-02
   0.401111      0.249649E-02
   0.407673      0.248157E-02
   0.414239      0.246286E-02
   0.420809      0.244981E-02
   0.427384      0.243501E-02
   0.433961      0.242265E-02
   0.440537      0.240968E-02
   0.447108      0.239530E-02
   0.453675      0.238337E-02
   0.460237      0.236867E-02
   0.466799      0.236141E-02
   0.473365      0.235254E-02
   0.479939      0.234496E-02
   0.486525      0.233795E-02
   0.493123      0.233030E-02
   0.499728      0.232128E-02
   0.506336      0.231484E-02
   0.512941      0.230181E-02
   0.519539      0.229263E-02
   0.526131      0.228057E-02
   0.532719      0.227210E-02
   0.539308      0.226134E-02
   0.545902      0.225061E-02
   0.552503      0.224305E-02
   0.559111      0.223503E-02
   0.565721      0.222268E-02
   0.572326      0.221144E-02
   0.578921      0.219891E-02
   0.585503      0.218600E-02
   0.592074      0.217398E-02
   0.598639      0.216439E-02
   0.605207      0.215567E-02
   0.611784      0.214700E-02
   0.618374      0.214028E-02
   0.624976      0.213059E-02
   0.631584      0.212200E-02
   0.638188      0.210894E-02
   0.644780      0.209665E-02
   0.651358      0.208550E-02
   0.657921      0.207254E-02
   0.664473      0.206179E-02
   0.671023      0.205120E-02
   0.677574      0.204328E-02
   0.684130      0.203387E-02
   0.690692      0.202600E-02
   0.697259      0.201628E-02
   0.703827      0.200706E-02
   0.710393      0.199907E-02
   0.716957      0.198852E-02
   0.723514      0.197790E-02
   0.730063      0.196743E-02
   0.736604      0.195854E-02
   0.743135      0.194898E-02
   0.749660      0.193742E-02
   0.756179      0.192841E-02
   0.762696      0.192116E-02
   0.769213      0.191394E-02
   0.775729      0.190595E-02
   0.782243      0.189758E-02
   0.788755      0.188942E-02
   0.795263      0.188226E-02
   0.801765      0.187382E-02
   0.808261      0.186550E-02
   0.814748      0.185715E-02
   0.821225      0.185024E-02
   0.827689      0.183949E-02
   0.834139      0.183466E-02
   0.840572      0.182742E-02
   0.846991      0.182279E-02
   0.853401      0.181642E-02
   0.859812      0.181463E-02
   0.866230      0.181220E-02
   0.872652      0.180829E-02
   0.879060      0.180423E-02
   0.885433      0.179994E-02
   0.891763      0.179308E-02
   0.898059      0.179287E-02
   0.904342      0.179329E-02
   0.910624      0.179641E-02
   0.916889      0.179708E-02
   0.923100      0.180012E-02
   0.929230      0.179854E-02
   0.935290      0.180613E-02
   0.941305      0.182030E-02
   0.947269      0.183422E-02
   0.953121      0.184863E-02
   0.958804      0.186459E-02
   0.964324      0.189377E-02
   0.969710      0.193335E-02
   0.974894      0.196940E-02
   0.979753      0.200742E-02
   0.984281      0.208529E-02
   0.988587      0.222491E-02
   0.992739      0.231916E-02
   0.996687      0.246246E-02
    1.00000      0.231240E-02
    1.00010       0.00000    
    1.00336       0.00000    
    1.00692       0.00000    
    1.01081       0.00000    
    1.01505       0.00000    
    1.01966       0.00000    
    1.02470       0.00000    
    1.03019       0.00000    
    1.03617       0.00000    
    1.04268       0.00000    
    1.04978       0.00000    
    1.05751       0.00000    
    1.06594       0.00000    
    1.07511       0.00000    
    1.08511       0.00000    
    1.09599       0.00000    
    1.10785       0.00000    
    1.12076       0.00000    
    1.13481       0.00000    
    1.15012       0.00000    
    1.16679       0.00000    
    1.18494       0.00000    
    1.20470       0.00000    
    1.22621       0.00000    
    1.24963       0.00000    
    1.27512       0.00000    
    1.30288       0.00000    
    1.33309       0.00000    
    1.36597       0.00000    
    1.40177       0.00000    
    1.44074       0.00000    
    1.48315       0.00000    
    1.52931       0.00000    
    1.57955       0.00000    
    1.63423       0.00000    
    1.69373       0.00000    
    1.75850       0.00000    
    1.82898       0.00000    
    1.90568       0.00000    
    1.98915       0.00000    

