#  AH 79-100 C AIRFOIL                             
#  alpha =   3.0000
#  Mach  =   0.0000
#  Reyn  =  1000000
#  Ncrit =   8.0000
#
#    x           cf
   0.186333E-02  0.972768E-03
   0.114995E-02  0.588099E-02
   0.629761E-03  0.117183E-01
   0.280294E-03  0.140928E-01
   0.725706E-04  0.190172E-01
  -0.146601E-04  0.179139E-01
   0.658553E-05  0.225496E-01
   0.134781E-03  0.223279E-01
   0.373660E-03  0.239810E-01
   0.731002E-03  0.223497E-01
   0.121802E-02  0.210606E-01
   0.184337E-02  0.144236E-01
   0.260614E-02  0.128669E-01
   0.349886E-02  0.911319E-02
   0.450349E-02  0.873250E-02
   0.560215E-02  0.100776E-01
   0.680345E-02  0.112045E-01
   0.812311E-02  0.121619E-01
   0.958315E-02  0.119320E-01
   0.112141E-01  0.102009E-01
   0.130431E-01  0.911040E-02
   0.150929E-01  0.769676E-02
   0.173740E-01  0.760019E-02
   0.198747E-01  0.849481E-02
   0.225833E-01  0.964641E-02
   0.254950E-01  0.967469E-02
   0.286323E-01  0.853989E-02
   0.320377E-01  0.726084E-02
   0.357389E-01  0.633862E-02
   0.397242E-01  0.578435E-02
   0.439327E-01  0.632904E-02
   0.483036E-01  0.634418E-02
   0.528078E-01  0.624891E-02
   0.574579E-01  0.570067E-02
   0.622680E-01  0.535484E-02
   0.672283E-01  0.498521E-02
   0.723005E-01  0.512447E-02
   0.774449E-01  0.500029E-02
   0.826450E-01  0.490216E-02
   0.879114E-01  0.461407E-02
   0.932669E-01  0.427817E-02
   0.987192E-01  0.407570E-02
   0.104252      0.390209E-02
   0.109827      0.402782E-02
   0.115414      0.394502E-02
   0.121005      0.398825E-02
   0.126615      0.385870E-02
   0.132275      0.353460E-02
   0.138006      0.325352E-02
   0.143811      0.306837E-02
   0.149674      0.299966E-02
   0.155566      0.293437E-02
   0.161466      0.293077E-02
   0.167368      0.297486E-02
   0.173277      0.287197E-02
   0.179209      0.279601E-02
   0.185175      0.266171E-02
   0.191177      0.258912E-02
   0.197209      0.247948E-02
   0.203259      0.245499E-02
   0.209314      0.244227E-02
   0.215372      0.241344E-02
   0.221435      0.237956E-02
   0.227512      0.227117E-02
   0.233613      0.221242E-02
   0.239744      0.212754E-02
   0.245903      0.204353E-02
   0.252081      0.199242E-02
   0.258265      0.200175E-02
   0.264444      0.198776E-02
   0.270615      0.198562E-02
   0.276780      0.196141E-02
   0.282948      0.191424E-02
   0.289131      0.185199E-02
   0.295335      0.177304E-02
   0.301564      0.171644E-02
   0.307813      0.165518E-02
   0.314073      0.163198E-02
   0.320335      0.162082E-02
   0.326592      0.160556E-02
   0.332841      0.160816E-02
   0.339084      0.156738E-02
   0.345328      0.154970E-02
   0.351579      0.149142E-02
   0.357842      0.144754E-02
   0.364118      0.142119E-02
   0.370406      0.137364E-02
   0.376701      0.135904E-02
   0.382999      0.131887E-02
   0.389297      0.129950E-02
   0.395592      0.129387E-02
   0.401885      0.126431E-02
   0.408176      0.123750E-02
   0.414468      0.121694E-02
   0.420762      0.119645E-02
   0.427059      0.116718E-02
   0.433358      0.114025E-02
   0.439659      0.112146E-02
   0.445960      0.110298E-02
   0.452262      0.107082E-02
   0.458562      0.105925E-02
   0.464860      0.103645E-02
   0.471156      0.100890E-02
   0.477449      0.988746E-03
   0.483738      0.967472E-03
   0.490024      0.936988E-03
   0.496305      0.915050E-03
   0.502584      0.885777E-03
   0.508859      0.854829E-03
   0.515132      0.817956E-03
   0.521401      0.788744E-03
   0.527668      0.747521E-03
   0.533931      0.709111E-03
   0.540189      0.662908E-03
   0.546442      0.620883E-03
   0.552692      0.578770E-03
   0.558938      0.525133E-03
   0.565183      0.483516E-03
   0.571429      0.426870E-03
   0.577679      0.379537E-03
   0.583933      0.334875E-03
   0.590192      0.292645E-03
   0.596454      0.253105E-03
   0.602714      0.227229E-03
   0.608970      0.203629E-03
   0.615219      0.186275E-03
   0.621460      0.181208E-03
   0.627696      0.183551E-03
   0.633928      0.198238E-03
   0.640161      0.238566E-03
   0.646397      0.387922E-03
   0.652639      0.743911E-03
   0.658885      0.132455E-02
   0.665135      0.205818E-02
   0.671386      0.285590E-02
   0.677636      0.360736E-02
   0.683883      0.426846E-02
   0.690128      0.480172E-02
   0.696370      0.521997E-02
   0.702610      0.554051E-02
   0.708848      0.576918E-02
   0.715084      0.594648E-02
   0.721319      0.604683E-02
   0.727554      0.612255E-02
   0.733787      0.613860E-02
   0.740018      0.616806E-02
   0.746245      0.614418E-02
   0.752468      0.610975E-02
   0.758683      0.608730E-02
   0.764888      0.603318E-02
   0.771085      0.596121E-02
   0.777275      0.590483E-02
   0.783460      0.582058E-02
   0.789643      0.574371E-02
   0.795826      0.564670E-02
   0.802007      0.555664E-02
   0.808181      0.547753E-02
   0.814343      0.539076E-02
   0.820489      0.530537E-02
   0.826619      0.522109E-02
   0.832734      0.512461E-02
   0.838839      0.502005E-02
   0.844937      0.491855E-02
   0.851025      0.481748E-02
   0.857100      0.470748E-02
   0.863157      0.460899E-02
   0.869192      0.449797E-02
   0.875205      0.438518E-02
   0.881201      0.426945E-02
   0.887183      0.413409E-02
   0.893144      0.401195E-02
   0.899070      0.389256E-02
   0.904939      0.376321E-02
   0.910737      0.363392E-02
   0.916463      0.346360E-02
   0.922126      0.328636E-02
   0.927732      0.307531E-02
   0.933273      0.284588E-02
   0.938727      0.259211E-02
   0.944083      0.231540E-02
   0.949351      0.201299E-02
   0.954563      0.169954E-02
   0.959741      0.138939E-02
   0.964867      0.110683E-02
   0.969889      0.857787E-03
   0.974757      0.641433E-03
   0.979450      0.463866E-03
   0.984006      0.337028E-03
   0.988454      0.245348E-03
   0.992727      0.170825E-03
   0.996702      0.997236E-04
    1.00000      0.402930E-04
    1.00010       0.00000    
    1.00349       0.00000    
    1.00720       0.00000    
    1.01124       0.00000    
    1.01564       0.00000    
    1.02043       0.00000    
    1.02566       0.00000    
    1.03134       0.00000    
    1.03753       0.00000    
    1.04427       0.00000    
    1.05160       0.00000    
    1.05957       0.00000    
    1.06825       0.00000    
    1.07769       0.00000    
    1.08797       0.00000    
    1.09914       0.00000    
    1.11129       0.00000    
    1.12451       0.00000    
    1.13888       0.00000    
    1.15451       0.00000    
    1.17151       0.00000    
    1.19000       0.00000    
    1.21009       0.00000    
    1.23194       0.00000    
    1.25570       0.00000    
    1.28152       0.00000    
    1.30959       0.00000    
    1.34011       0.00000    
    1.37328       0.00000    
    1.40933       0.00000    
    1.44852       0.00000    
    1.49111       0.00000    
    1.53740       0.00000    
    1.58770       0.00000    
    1.64237       0.00000    
    1.70177       0.00000    
    1.76633       0.00000    
    1.83647       0.00000    
    1.91269       0.00000    
    1.99551       0.00000    

   0.275478E-02  0.264294E-02
   0.379466E-02  0.484506E-02
   0.493931E-02  0.554133E-02
   0.616582E-02  0.704616E-02
   0.748107E-02  0.939985E-02
   0.889719E-02  0.839113E-02
   0.104348E-01  0.809956E-02
   0.121186E-01  0.819990E-02
   0.139715E-01  0.640532E-02
   0.160155E-01  0.580669E-02
   0.182614E-01  0.523781E-02
   0.207095E-01  0.617459E-02
   0.233628E-01  0.597874E-02
   0.262286E-01  0.526622E-02
   0.293363E-01  0.509214E-02
   0.327394E-01  0.399914E-02
   0.364997E-01  0.352248E-02
   0.406484E-01  0.327307E-02
   0.451591E-01  0.344144E-02
   0.499797E-01  0.319266E-02
   0.550714E-01  0.291444E-02
   0.604272E-01  0.278039E-02
   0.660255E-01  0.260509E-02
   0.718113E-01  0.243804E-02
   0.777129E-01  0.244604E-02
   0.836839E-01  0.228036E-02
   0.897210E-01  0.207916E-02
   0.958393E-01  0.192693E-02
   0.102033      0.181142E-02
   0.108263      0.180122E-02
   0.114482      0.197735E-02
   0.120672      0.191551E-02
   0.126849      0.183754E-02
   0.133057      0.165220E-02
   0.139331      0.143725E-02
   0.145682      0.136010E-02
   0.152097      0.124443E-02
   0.158545      0.122128E-02
   0.165001      0.118139E-02
   0.171453      0.118086E-02
   0.177900      0.114081E-02
   0.184342      0.110385E-02
   0.190783      0.110409E-02
   0.197227      0.105302E-02
   0.203675      0.107184E-02
   0.210129      0.105363E-02
   0.216587      0.105066E-02
   0.223046      0.106059E-02
   0.229503      0.982804E-03
   0.235952      0.966999E-03
   0.242395      0.939061E-03
   0.248834      0.884330E-03
   0.255277      0.896700E-03
   0.261729      0.858330E-03
   0.268193      0.863946E-03
   0.274669      0.864092E-03
   0.281150      0.847171E-03
   0.287629      0.834456E-03
   0.294099      0.795090E-03
   0.300557      0.781912E-03
   0.307004      0.762683E-03
   0.313445      0.758521E-03
   0.319887      0.737612E-03
   0.326333      0.738586E-03
   0.332785      0.743975E-03
   0.339242      0.724388E-03
   0.345701      0.714335E-03
   0.352159      0.703650E-03
   0.358612      0.690210E-03
   0.365060      0.685222E-03
   0.371502      0.670684E-03
   0.377939      0.667449E-03
   0.384373      0.656327E-03
   0.390804      0.659813E-03
   0.397234      0.643250E-03
   0.403666      0.646693E-03
   0.410100      0.645143E-03
   0.416538      0.646613E-03
   0.422980      0.643375E-03
   0.429425      0.649596E-03
   0.435871      0.640279E-03
   0.442316      0.643843E-03
   0.448757      0.640632E-03
   0.455194      0.642882E-03
   0.461628      0.635112E-03
   0.468062      0.638659E-03
   0.474500      0.647665E-03
   0.480946      0.643038E-03
   0.487402      0.649796E-03
   0.493867      0.658238E-03
   0.500338      0.651473E-03
   0.506812      0.653025E-03
   0.513282      0.642996E-03
   0.519747      0.640314E-03
   0.526206      0.633497E-03
   0.532663      0.633126E-03
   0.539120      0.628892E-03
   0.545581      0.625172E-03
   0.552048      0.618350E-03
   0.558521      0.613441E-03
   0.564997      0.613724E-03
   0.571469      0.605740E-03
   0.577933      0.593163E-03
   0.584386      0.584552E-03
   0.590830      0.578077E-03
   0.597268      0.568800E-03
   0.603706      0.565076E-03
   0.610152      0.570240E-03
   0.616608      0.565983E-03
   0.623074      0.565844E-03
   0.629547      0.565270E-03
   0.636019      0.553954E-03
   0.642484      0.547785E-03
   0.648936      0.537614E-03
   0.655377      0.528392E-03
   0.661807      0.522642E-03
   0.668232      0.514895E-03
   0.674657      0.516948E-03
   0.681085      0.512970E-03
   0.687518      0.514317E-03
   0.693955      0.510078E-03
   0.700395      0.510378E-03
   0.706835      0.506981E-03
   0.713273      0.503333E-03
   0.719707      0.502204E-03
   0.726135      0.493933E-03
   0.732557      0.491016E-03
   0.738971      0.485379E-03
   0.745378      0.484063E-03
   0.751779      0.482624E-03
   0.758178      0.480396E-03
   0.764574      0.481767E-03
   0.770971      0.479634E-03
   0.777366      0.481862E-03
   0.783761      0.479966E-03
   0.790152      0.481928E-03
   0.796540      0.484085E-03
   0.802923      0.482440E-03
   0.809300      0.480872E-03
   0.815670      0.485994E-03
   0.822031      0.479846E-03
   0.828381      0.483534E-03
   0.834719      0.484071E-03
   0.841042      0.484636E-03
   0.847354      0.489737E-03
   0.853658      0.496565E-03
   0.859964      0.509528E-03
   0.866275      0.515763E-03
   0.872589      0.528812E-03
   0.878891      0.532892E-03
   0.885165      0.537774E-03
   0.891402      0.547122E-03
   0.897609      0.558455E-03
   0.903803      0.569976E-03
   0.909997      0.593631E-03
   0.916178      0.610861E-03
   0.922316      0.622922E-03
   0.928388      0.639207E-03
   0.934396      0.668373E-03
   0.940363      0.705803E-03
   0.946288      0.755432E-03
   0.952128      0.789724E-03
   0.957826      0.849674E-03
   0.963376      0.908395E-03
   0.968804      0.102128E-02
   0.974070      0.111878E-02
   0.979055      0.120321E-02
   0.983722      0.143025E-02
   0.988163      0.198118E-02
   0.992455      0.246910E-02
   0.996556      0.369315E-02
    1.00000      0.249905E-02
    1.00010       0.00000    
    1.00349       0.00000    
    1.00720       0.00000    
    1.01124       0.00000    
    1.01564       0.00000    
    1.02043       0.00000    
    1.02566       0.00000    
    1.03134       0.00000    
    1.03753       0.00000    
    1.04427       0.00000    
    1.05160       0.00000    
    1.05957       0.00000    
    1.06825       0.00000    
    1.07769       0.00000    
    1.08797       0.00000    
    1.09914       0.00000    
    1.11129       0.00000    
    1.12451       0.00000    
    1.13888       0.00000    
    1.15451       0.00000    
    1.17151       0.00000    
    1.19000       0.00000    
    1.21009       0.00000    
    1.23194       0.00000    
    1.25570       0.00000    
    1.28152       0.00000    
    1.30959       0.00000    
    1.34011       0.00000    
    1.37328       0.00000    
    1.40933       0.00000    
    1.44852       0.00000    
    1.49111       0.00000    
    1.53740       0.00000    
    1.58770       0.00000    
    1.64237       0.00000    
    1.70177       0.00000    
    1.76633       0.00000    
    1.83647       0.00000    
    1.91269       0.00000    
    1.99551       0.00000    

