#  AH 79-100 C AIRFOIL                             
#  alpha =   1.5000
#  Mach  =   0.0000
#  Reyn  =  1000000
#  Ncrit =   8.0000
#
#    x           cf
   0.280294E-03  0.339198E-02
   0.725706E-04  0.630180E-02
  -0.146601E-04  0.111523E-01
   0.658553E-05  0.116060E-01
   0.134781E-03  0.153363E-01
   0.373660E-03  0.178017E-01
   0.731002E-03  0.148240E-01
   0.121802E-02  0.177277E-01
   0.184337E-02  0.127507E-01
   0.260614E-02  0.128925E-01
   0.349886E-02  0.941422E-02
   0.450349E-02  0.919302E-02
   0.560215E-02  0.103352E-01
   0.680345E-02  0.106695E-01
   0.812311E-02  0.121272E-01
   0.958315E-02  0.106335E-01
   0.112141E-01  0.981946E-02
   0.130431E-01  0.909220E-02
   0.150929E-01  0.803113E-02
   0.173740E-01  0.777103E-02
   0.198747E-01  0.876116E-02
   0.225833E-01  0.941905E-02
   0.254950E-01  0.938005E-02
   0.286323E-01  0.856378E-02
   0.320377E-01  0.706227E-02
   0.357389E-01  0.669545E-02
   0.397242E-01  0.588449E-02
   0.439327E-01  0.672308E-02
   0.483036E-01  0.650617E-02
   0.528078E-01  0.639934E-02
   0.574579E-01  0.591019E-02
   0.622680E-01  0.554030E-02
   0.672283E-01  0.534612E-02
   0.723005E-01  0.519988E-02
   0.774449E-01  0.532908E-02
   0.826450E-01  0.511427E-02
   0.879114E-01  0.485957E-02
   0.932669E-01  0.450664E-02
   0.987192E-01  0.431138E-02
   0.104252      0.412604E-02
   0.109827      0.425370E-02
   0.115414      0.427648E-02
   0.121005      0.422620E-02
   0.126615      0.411038E-02
   0.132275      0.381570E-02
   0.138006      0.347003E-02
   0.143811      0.328238E-02
   0.149674      0.325758E-02
   0.155566      0.324459E-02
   0.161466      0.320471E-02
   0.167368      0.322752E-02
   0.173277      0.313263E-02
   0.179209      0.307382E-02
   0.185175      0.290909E-02
   0.191177      0.284070E-02
   0.197209      0.275863E-02
   0.203259      0.272884E-02
   0.209314      0.272423E-02
   0.215372      0.267147E-02
   0.221435      0.266244E-02
   0.227512      0.252023E-02
   0.233613      0.246730E-02
   0.239744      0.238200E-02
   0.245903      0.229596E-02
   0.252081      0.225704E-02
   0.258265      0.224219E-02
   0.264444      0.223102E-02
   0.270615      0.223166E-02
   0.276780      0.224159E-02
   0.282948      0.217616E-02
   0.289131      0.210333E-02
   0.295335      0.203432E-02
   0.301564      0.195922E-02
   0.307813      0.190716E-02
   0.314073      0.186983E-02
   0.320335      0.187505E-02
   0.326592      0.185301E-02
   0.332841      0.185519E-02
   0.339084      0.183266E-02
   0.345328      0.179603E-02
   0.351579      0.174281E-02
   0.357842      0.170847E-02
   0.364118      0.165538E-02
   0.370406      0.163616E-02
   0.376701      0.158883E-02
   0.382999      0.158197E-02
   0.389297      0.154345E-02
   0.395592      0.153313E-02
   0.401885      0.149989E-02
   0.408176      0.150045E-02
   0.414468      0.146550E-02
   0.420762      0.144351E-02
   0.427059      0.142545E-02
   0.433358      0.138587E-02
   0.439659      0.136885E-02
   0.445960      0.135425E-02
   0.452262      0.131793E-02
   0.458562      0.129862E-02
   0.464860      0.128988E-02
   0.471156      0.125923E-02
   0.477449      0.123455E-02
   0.483738      0.121796E-02
   0.490024      0.118329E-02
   0.496305      0.116226E-02
   0.502584      0.113492E-02
   0.508859      0.110286E-02
   0.515132      0.105892E-02
   0.521401      0.103296E-02
   0.527668      0.988271E-03
   0.533931      0.948771E-03
   0.540189      0.899848E-03
   0.546442      0.852115E-03
   0.552692      0.806377E-03
   0.558938      0.746742E-03
   0.565183      0.696891E-03
   0.571429      0.624978E-03
   0.577679      0.564802E-03
   0.583933      0.509316E-03
   0.590192      0.447460E-03
   0.596454      0.386414E-03
   0.602714      0.337658E-03
   0.608970      0.286337E-03
   0.615219      0.238663E-03
   0.621460      0.198971E-03
   0.627696      0.155770E-03
   0.633928      0.116609E-03
   0.640161      0.805937E-04
   0.646397      0.484182E-04
   0.652639      0.233709E-04
   0.658885      0.551966E-05
   0.665135     -0.658599E-05
   0.671386     -0.908756E-05
   0.677636     -0.382063E-05
   0.683883      0.153376E-04
   0.690128      0.573208E-04
   0.696370      0.214551E-03
   0.702610      0.586365E-03
   0.708848      0.121477E-02
   0.715084      0.199291E-02
   0.721319      0.279908E-02
   0.727554      0.354484E-02
   0.733787      0.415916E-02
   0.740018      0.467751E-02
   0.746245      0.505605E-02
   0.752468      0.534150E-02
   0.758683      0.556782E-02
   0.764888      0.571948E-02
   0.771085      0.580509E-02
   0.777275      0.587630E-02
   0.783460      0.589076E-02
   0.789643      0.589460E-02
   0.795826      0.586300E-02
   0.802007      0.582046E-02
   0.808181      0.578390E-02
   0.814343      0.572843E-02
   0.820489      0.567180E-02
   0.826619      0.560587E-02
   0.832734      0.552974E-02
   0.838839      0.543846E-02
   0.844937      0.534853E-02
   0.851025      0.525461E-02
   0.857100      0.515549E-02
   0.863157      0.506241E-02
   0.869192      0.496077E-02
   0.875205      0.485124E-02
   0.881201      0.474277E-02
   0.887183      0.461563E-02
   0.893144      0.449864E-02
   0.899070      0.439044E-02
   0.904939      0.427134E-02
   0.910737      0.415474E-02
   0.916463      0.399649E-02
   0.922126      0.383068E-02
   0.927732      0.362555E-02
   0.933273      0.340334E-02
   0.938727      0.315100E-02
   0.944083      0.286983E-02
   0.949351      0.254682E-02
   0.954563      0.220127E-02
   0.959741      0.184586E-02
   0.964867      0.151365E-02
   0.969889      0.121048E-02
   0.974757      0.937402E-03
   0.979450      0.706364E-03
   0.984006      0.539714E-03
   0.988454      0.419772E-03
   0.992727      0.321817E-03
   0.996702      0.227004E-03
    1.00000      0.155206E-03
    1.00010       0.00000    
    1.00349       0.00000    
    1.00720       0.00000    
    1.01123       0.00000    
    1.01563       0.00000    
    1.02042       0.00000    
    1.02564       0.00000    
    1.03132       0.00000    
    1.03750       0.00000    
    1.04423       0.00000    
    1.05156       0.00000    
    1.05952       0.00000    
    1.06819       0.00000    
    1.07762       0.00000    
    1.08788       0.00000    
    1.09904       0.00000    
    1.11118       0.00000    
    1.12438       0.00000    
    1.13874       0.00000    
    1.15435       0.00000    
    1.17133       0.00000    
    1.18979       0.00000    
    1.20986       0.00000    
    1.23169       0.00000    
    1.25541       0.00000    
    1.28121       0.00000    
    1.30925       0.00000    
    1.33973       0.00000    
    1.37286       0.00000    
    1.40888       0.00000    
    1.44803       0.00000    
    1.49057       0.00000    
    1.53682       0.00000    
    1.58708       0.00000    
    1.64170       0.00000    
    1.70105       0.00000    
    1.76556       0.00000    
    1.83566       0.00000    
    1.91183       0.00000    
    1.99461       0.00000    

   0.629761E-03  0.189202E-02
   0.114995E-02  0.641689E-02
   0.186333E-02  0.945181E-02
   0.275478E-02  0.973612E-02
   0.379466E-02  0.989402E-02
   0.493931E-02  0.112759E-01
   0.616582E-02  0.107364E-01
   0.748107E-02  0.133422E-01
   0.889719E-02  0.120369E-01
   0.104348E-01  0.109298E-01
   0.121186E-01  0.810262E-02
   0.139715E-01  0.750693E-02
   0.160155E-01  0.580513E-02
   0.182614E-01  0.497683E-02
   0.207095E-01  0.605294E-02
   0.233628E-01  0.613704E-02
   0.262286E-01  0.557635E-02
   0.293363E-01  0.473916E-02
   0.327394E-01  0.404497E-02
   0.364997E-01  0.300556E-02
   0.406484E-01  0.285763E-02
   0.451591E-01  0.299264E-02
   0.499797E-01  0.272236E-02
   0.550714E-01  0.259787E-02
   0.604272E-01  0.240091E-02
   0.660255E-01  0.222296E-02
   0.718113E-01  0.220231E-02
   0.777129E-01  0.213970E-02
   0.836839E-01  0.193408E-02
   0.897210E-01  0.183693E-02
   0.958393E-01  0.160585E-02
   0.102033      0.149079E-02
   0.108263      0.153944E-02
   0.114482      0.168862E-02
   0.120672      0.164606E-02
   0.126849      0.161730E-02
   0.133057      0.140739E-02
   0.139331      0.121846E-02
   0.145682      0.111113E-02
   0.152097      0.967015E-03
   0.158545      0.982360E-03
   0.165001      0.948282E-03
   0.171453      0.930773E-03
   0.177900      0.871461E-03
   0.184342      0.864810E-03
   0.190783      0.837077E-03
   0.197227      0.842268E-03
   0.203675      0.820745E-03
   0.210129      0.832901E-03
   0.216587      0.818497E-03
   0.223046      0.819099E-03
   0.229503      0.780695E-03
   0.235952      0.752447E-03
   0.242395      0.737822E-03
   0.248834      0.696333E-03
   0.255277      0.685637E-03
   0.261729      0.677947E-03
   0.268193      0.670430E-03
   0.274669      0.666251E-03
   0.281150      0.665081E-03
   0.287629      0.630741E-03
   0.294099      0.623711E-03
   0.300557      0.604561E-03
   0.307004      0.584887E-03
   0.313445      0.576131E-03
   0.319887      0.562643E-03
   0.326333      0.569109E-03
   0.332785      0.561166E-03
   0.339242      0.557485E-03
   0.345701      0.543531E-03
   0.352159      0.540886E-03
   0.358612      0.529366E-03
   0.365060      0.518171E-03
   0.371502      0.515335E-03
   0.377939      0.506372E-03
   0.384373      0.498930E-03
   0.390804      0.502431E-03
   0.397234      0.493154E-03
   0.403666      0.494082E-03
   0.410100      0.495485E-03
   0.416538      0.494535E-03
   0.422980      0.493828E-03
   0.429425      0.501114E-03
   0.435871      0.502880E-03
   0.442316      0.496870E-03
   0.448757      0.499365E-03
   0.455194      0.501591E-03
   0.461628      0.498945E-03
   0.468062      0.501985E-03
   0.474500      0.510328E-03
   0.480946      0.507620E-03
   0.487402      0.519233E-03
   0.493867      0.520831E-03
   0.500338      0.524571E-03
   0.506812      0.520221E-03
   0.513282      0.517169E-03
   0.519747      0.515798E-03
   0.526206      0.510578E-03
   0.532663      0.507315E-03
   0.539120      0.507135E-03
   0.545581      0.503389E-03
   0.552048      0.499849E-03
   0.558521      0.495558E-03
   0.564997      0.494055E-03
   0.571469      0.484971E-03
   0.577933      0.479351E-03
   0.584386      0.468552E-03
   0.590830      0.462966E-03
   0.597268      0.456284E-03
   0.603706      0.451755E-03
   0.610152      0.452376E-03
   0.616608      0.452565E-03
   0.623074      0.450347E-03
   0.629547      0.447636E-03
   0.636019      0.441952E-03
   0.642484      0.432350E-03
   0.648936      0.425082E-03
   0.655377      0.415162E-03
   0.661807      0.410683E-03
   0.668232      0.403167E-03
   0.674657      0.404906E-03
   0.681085      0.399829E-03
   0.687518      0.400041E-03
   0.693955      0.396737E-03
   0.700395      0.395620E-03
   0.706835      0.392272E-03
   0.713273      0.388757E-03
   0.719707      0.386199E-03
   0.726135      0.378530E-03
   0.732557      0.376366E-03
   0.738971      0.370882E-03
   0.745378      0.368973E-03
   0.751779      0.366240E-03
   0.758178      0.363836E-03
   0.764574      0.365085E-03
   0.770971      0.362137E-03
   0.777366      0.363771E-03
   0.783761      0.362502E-03
   0.790152      0.362610E-03
   0.796540      0.364314E-03
   0.802923      0.362178E-03
   0.809300      0.360744E-03
   0.815670      0.363475E-03
   0.822031      0.359709E-03
   0.828381      0.361654E-03
   0.834719      0.362232E-03
   0.841042      0.362416E-03
   0.847354      0.366481E-03
   0.853658      0.372210E-03
   0.859964      0.382289E-03
   0.866275      0.388178E-03
   0.872589      0.398543E-03
   0.878891      0.403032E-03
   0.885165      0.407007E-03
   0.891402      0.414029E-03
   0.897609      0.424257E-03
   0.903803      0.434702E-03
   0.909997      0.454304E-03
   0.916178      0.469619E-03
   0.922316      0.480546E-03
   0.928388      0.494424E-03
   0.934396      0.520299E-03
   0.940363      0.552280E-03
   0.946288      0.593345E-03
   0.952128      0.625690E-03
   0.957826      0.675172E-03
   0.963376      0.726923E-03
   0.968804      0.820802E-03
   0.974070      0.905310E-03
   0.979055      0.980276E-03
   0.983722      0.116720E-02
   0.988163      0.161462E-02
   0.992455      0.200884E-02
   0.996556      0.290431E-02
    1.00000      0.217619E-02
    1.00010       0.00000    
    1.00349       0.00000    
    1.00720       0.00000    
    1.01123       0.00000    
    1.01563       0.00000    
    1.02042       0.00000    
    1.02564       0.00000    
    1.03132       0.00000    
    1.03750       0.00000    
    1.04423       0.00000    
    1.05156       0.00000    
    1.05952       0.00000    
    1.06819       0.00000    
    1.07762       0.00000    
    1.08788       0.00000    
    1.09904       0.00000    
    1.11118       0.00000    
    1.12438       0.00000    
    1.13874       0.00000    
    1.15435       0.00000    
    1.17133       0.00000    
    1.18979       0.00000    
    1.20986       0.00000    
    1.23169       0.00000    
    1.25541       0.00000    
    1.28121       0.00000    
    1.30925       0.00000    
    1.33973       0.00000    
    1.37286       0.00000    
    1.40888       0.00000    
    1.44803       0.00000    
    1.49057       0.00000    
    1.53682       0.00000    
    1.58708       0.00000    
    1.64170       0.00000    
    1.70105       0.00000    
    1.76556       0.00000    
    1.83566       0.00000    
    1.91183       0.00000    
    1.99461       0.00000    

