#  AH 79-100 C AIRFOIL                             
#  alpha =   3.0000
#  Mach  =   0.0000
#  Reyn  = 10000000
#  Ncrit =   8.0000
#
#    x           cf
   0.186333E-02  0.467666E-03
   0.114995E-02  0.214001E-02
   0.629761E-03  0.385053E-02
   0.280294E-03  0.469045E-02
   0.725706E-04  0.616712E-02
  -0.146601E-04  0.580830E-02
   0.658553E-05  0.739699E-02
   0.134781E-03  0.716574E-02
   0.373660E-03  0.772694E-02
   0.731002E-03  0.721142E-02
   0.121802E-02  0.679572E-02
   0.184337E-02  0.430422E-02
   0.260614E-02  0.411160E-02
   0.349886E-02  0.250503E-02
   0.450349E-02  0.263606E-02
   0.560215E-02  0.330241E-02
   0.680345E-02  0.365803E-02
   0.812311E-02  0.395313E-02
   0.958315E-02  0.383414E-02
   0.112141E-01  0.313480E-02
   0.130431E-01  0.283318E-02
   0.150929E-01  0.229230E-02
   0.173740E-01  0.236724E-02
   0.198747E-01  0.275265E-02
   0.225833E-01  0.314747E-02
   0.254950E-01  0.312768E-02
   0.286323E-01  0.267452E-02
   0.320377E-01  0.223529E-02
   0.357389E-01  0.192747E-02
   0.397242E-01  0.176860E-02
   0.439327E-01  0.204869E-02
   0.483036E-01  0.203010E-02
   0.528078E-01  0.200352E-02
   0.574579E-01  0.177829E-02
   0.622680E-01  0.167444E-02
   0.672283E-01  0.153713E-02
   0.723005E-01  0.163566E-02
   0.774449E-01  0.159163E-02
   0.826450E-01  0.156004E-02
   0.879114E-01  0.145545E-02
   0.932669E-01  0.132855E-02
   0.987192E-01  0.126658E-02
   0.104252      0.120129E-02
   0.109827      0.128785E-02
   0.115414      0.125449E-02
   0.121005      0.128624E-02
   0.126615      0.123859E-02
   0.132275      0.110296E-02
   0.138006      0.999320E-03
   0.143811      0.936255E-03
   0.149674      0.928391E-03
   0.155566      0.912518E-03
   0.161466      0.923853E-03
   0.167368      0.955914E-03
   0.173277      0.911847E-03
   0.179209      0.884462E-03
   0.185175      0.832796E-03
   0.191177      0.808948E-03
   0.197209      0.766521E-03
   0.203259      0.770061E-03
   0.209314      0.771353E-03
   0.215372      0.766390E-03
   0.221435      0.759043E-03
   0.227512      0.713067E-03
   0.233613      0.695917E-03
   0.239744      0.661591E-03
   0.245903      0.632792E-03
   0.252081      0.614787E-03
   0.258265      0.632154E-03
   0.264444      0.634632E-03
   0.270615      0.641376E-03
   0.276780      0.641597E-03
   0.282948      0.636406E-03
   0.289131      0.634895E-03
   0.295335      0.118522E-02
   0.301564      0.319903E-02
   0.307813      0.556086E-02
   0.314073      0.690577E-02
   0.320335      0.738851E-02
   0.326592      0.745828E-02
   0.332841      0.739761E-02
   0.339084      0.723443E-02
   0.345328      0.711042E-02
   0.351579      0.693631E-02
   0.357842      0.680246E-02
   0.364118      0.670297E-02
   0.370406      0.658037E-02
   0.376701      0.651407E-02
   0.382999      0.641538E-02
   0.389297      0.634839E-02
   0.395592      0.630401E-02
   0.401885      0.623259E-02
   0.408176      0.616611E-02
   0.414468      0.611532E-02
   0.420762      0.606644E-02
   0.427059      0.600589E-02
   0.433358      0.595313E-02
   0.439659      0.591115E-02
   0.445960      0.587183E-02
   0.452262      0.581262E-02
   0.458562      0.578472E-02
   0.464860      0.574348E-02
   0.471156      0.569467E-02
   0.477449      0.565999E-02
   0.483738      0.562499E-02
   0.490024      0.557875E-02
   0.496305      0.554641E-02
   0.502584      0.550628E-02
   0.508859      0.546755E-02
   0.515132      0.542018E-02
   0.521401      0.538947E-02
   0.527668      0.534144E-02
   0.533931      0.530213E-02
   0.540189      0.525203E-02
   0.546442      0.520943E-02
   0.552692      0.517197E-02
   0.558938      0.511042E-02
   0.565183      0.507730E-02
   0.571429      0.501014E-02
   0.577679      0.495932E-02
   0.583933      0.490837E-02
   0.590192      0.485433E-02
   0.596454      0.479459E-02
   0.602714      0.475588E-02
   0.608970      0.470592E-02
   0.615219      0.465382E-02
   0.621460      0.461362E-02
   0.627696      0.456533E-02
   0.633928      0.451024E-02
   0.640161      0.445808E-02
   0.646397      0.439790E-02
   0.652639      0.434412E-02
   0.658885      0.428826E-02
   0.665135      0.423478E-02
   0.671386      0.418576E-02
   0.677636      0.413250E-02
   0.683883      0.408599E-02
   0.690128      0.403503E-02
   0.696370      0.398594E-02
   0.702610      0.393938E-02
   0.708848      0.388918E-02
   0.715084      0.384808E-02
   0.721319      0.379614E-02
   0.727554      0.375364E-02
   0.733787      0.369917E-02
   0.740018      0.366567E-02
   0.746245      0.361586E-02
   0.752468      0.356939E-02
   0.758683      0.353729E-02
   0.764888      0.349339E-02
   0.771085      0.344530E-02
   0.777275      0.340890E-02
   0.783460      0.336052E-02
   0.789643      0.331773E-02
   0.795826      0.326659E-02
   0.802007      0.322004E-02
   0.808181      0.318023E-02
   0.814343      0.313691E-02
   0.820489      0.309523E-02
   0.826619      0.305419E-02
   0.832734      0.300725E-02
   0.838839      0.295517E-02
   0.844937      0.290504E-02
   0.851025      0.285540E-02
   0.857100      0.279973E-02
   0.863157      0.275096E-02
   0.869192      0.269468E-02
   0.875205      0.263731E-02
   0.881201      0.257787E-02
   0.887183      0.250687E-02
   0.893144      0.244336E-02
   0.899070      0.238132E-02
   0.904939      0.231357E-02
   0.910737      0.224603E-02
   0.916463      0.215415E-02
   0.922126      0.205859E-02
   0.927732      0.194203E-02
   0.933273      0.181444E-02
   0.938727      0.167093E-02
   0.944083      0.151135E-02
   0.949351      0.133320E-02
   0.954563      0.114393E-02
   0.959741      0.951986E-03
   0.964867      0.773098E-03
   0.969889      0.611430E-03
   0.974757      0.467206E-03
   0.979450      0.345746E-03
   0.984006      0.257482E-03
   0.988454      0.192647E-03
   0.992727      0.139282E-03
   0.996702      0.876519E-04
    1.00000      0.468917E-04
    1.00010       0.00000    
    1.00349       0.00000    
    1.00720       0.00000    
    1.01124       0.00000    
    1.01564       0.00000    
    1.02043       0.00000    
    1.02566       0.00000    
    1.03134       0.00000    
    1.03753       0.00000    
    1.04427       0.00000    
    1.05160       0.00000    
    1.05957       0.00000    
    1.06825       0.00000    
    1.07769       0.00000    
    1.08797       0.00000    
    1.09914       0.00000    
    1.11129       0.00000    
    1.12451       0.00000    
    1.13888       0.00000    
    1.15451       0.00000    
    1.17151       0.00000    
    1.19000       0.00000    
    1.21009       0.00000    
    1.23194       0.00000    
    1.25570       0.00000    
    1.28152       0.00000    
    1.30959       0.00000    
    1.34011       0.00000    
    1.37328       0.00000    
    1.40933       0.00000    
    1.44852       0.00000    
    1.49111       0.00000    
    1.53740       0.00000    
    1.58770       0.00000    
    1.64237       0.00000    
    1.70177       0.00000    
    1.76633       0.00000    
    1.83647       0.00000    
    1.91269       0.00000    
    1.99551       0.00000    

   0.275478E-02  0.696644E-03
   0.379466E-02  0.142849E-02
   0.493931E-02  0.164484E-02
   0.616582E-02  0.224203E-02
   0.748107E-02  0.282693E-02
   0.889719E-02  0.263782E-02
   0.104348E-01  0.252495E-02
   0.121186E-01  0.257317E-02
   0.139715E-01  0.196328E-02
   0.160155E-01  0.180010E-02
   0.182614E-01  0.164618E-02
   0.207095E-01  0.201216E-02
   0.233628E-01  0.187381E-02
   0.262286E-01  0.164622E-02
   0.293363E-01  0.163521E-02
   0.327394E-01  0.120889E-02
   0.364997E-01  0.110390E-02
   0.406484E-01  0.102877E-02
   0.451591E-01  0.111692E-02
   0.499797E-01  0.101098E-02
   0.550714E-01  0.914692E-03
   0.604272E-01  0.881047E-03
   0.660255E-01  0.823153E-03
   0.718113E-01  0.767787E-03
   0.777129E-01  0.787847E-03
   0.836839E-01  0.726948E-03
   0.897210E-01  0.646314E-03
   0.958393E-01  0.601561E-03
   0.102033      0.559830E-03
   0.108263      0.568074E-03
   0.114482      0.653452E-03
   0.120672      0.624090E-03
   0.126849      0.596200E-03
   0.133057      0.518056E-03
   0.139331      0.433113E-03
   0.145682      0.416948E-03
   0.152097      0.377838E-03
   0.158545      0.382023E-03
   0.165001      0.369991E-03
   0.171453      0.379553E-03
   0.177900      0.360767E-03
   0.184342      0.348134E-03
   0.190783      0.352932E-03
   0.197227      0.326875E-03
   0.203675      0.345388E-03
   0.210129      0.335810E-03
   0.216587      0.338432E-03
   0.223046      0.348381E-03
   0.229503      0.307885E-03
   0.235952      0.305030E-03
   0.242395      0.295717E-03
   0.248834      0.269769E-03
   0.255277      0.284207E-03
   0.261729      0.266442E-03
   0.268193      0.273361E-03
   0.274669      0.277895E-03
   0.281150      0.268987E-03
   0.287629      0.267927E-03
   0.294099      0.247686E-03
   0.300557      0.244757E-03
   0.307004      0.236595E-03
   0.313445      0.239339E-03
   0.319887      0.229042E-03
   0.326333      0.232785E-03
   0.332785      0.238974E-03
   0.339242      0.228949E-03
   0.345701      0.226556E-03
   0.352159      0.222072E-03
   0.358612      0.217090E-03
   0.365060      0.217342E-03
   0.371502      0.210326E-03
   0.377939      0.211632E-03
   0.384373      0.206721E-03
   0.390804      0.212141E-03
   0.397234      0.204608E-03
   0.403666      0.210044E-03
   0.410100      0.214841E-03
   0.416538      0.223828E-03
   0.422980      0.382197E-03
   0.429425      0.720289E-03
   0.435871      0.127577E-02
   0.442316      0.178627E-02
   0.448757      0.209037E-02
   0.455194      0.224632E-02
   0.461628      0.229729E-02
   0.468062      0.231560E-02
   0.474500      0.231722E-02
   0.480946      0.228648E-02
   0.487402      0.226700E-02
   0.493867      0.225093E-02
   0.500338      0.221233E-02
   0.506812      0.219323E-02
   0.513282      0.215780E-02
   0.519747      0.213739E-02
   0.526206      0.211229E-02
   0.532663      0.209896E-02
   0.539120      0.207988E-02
   0.545581      0.206477E-02
   0.552048      0.204678E-02
   0.558521      0.203175E-02
   0.564997      0.202684E-02
   0.571469      0.201012E-02
   0.577933      0.199007E-02
   0.584386      0.197610E-02
   0.590830      0.196629E-02
   0.597268      0.194927E-02
   0.603706      0.194073E-02
   0.610152      0.194379E-02
   0.616608      0.193150E-02
   0.623074      0.192815E-02
   0.629547      0.192412E-02
   0.636019      0.190716E-02
   0.642484      0.189839E-02
   0.648936      0.188598E-02
   0.655377      0.187298E-02
   0.661807      0.186543E-02
   0.668232      0.185283E-02
   0.674657      0.185488E-02
   0.681085      0.184494E-02
   0.687518      0.184451E-02
   0.693955      0.183472E-02
   0.700395      0.183307E-02
   0.706835      0.182551E-02
   0.713273      0.181843E-02
   0.719707      0.181559E-02
   0.726135      0.180205E-02
   0.732557      0.179784E-02
   0.738971      0.178770E-02
   0.745378      0.178431E-02
   0.751779      0.177937E-02
   0.758178      0.177298E-02
   0.764574      0.177189E-02
   0.770971      0.176409E-02
   0.777366      0.176427E-02
   0.783761      0.175620E-02
   0.790152      0.175526E-02
   0.796540      0.175359E-02
   0.802923      0.174695E-02
   0.809300      0.174023E-02
   0.815670      0.174373E-02
   0.822031      0.172995E-02
   0.828381      0.173068E-02
   0.834719      0.172605E-02
   0.841042      0.172007E-02
   0.847354      0.171964E-02
   0.853658      0.171914E-02
   0.859964      0.172726E-02
   0.866275      0.172408E-02
   0.872589      0.173142E-02
   0.878891      0.172633E-02
   0.885165      0.172233E-02
   0.891402      0.172356E-02
   0.897609      0.172587E-02
   0.903803      0.172553E-02
   0.909997      0.174068E-02
   0.916178      0.174528E-02
   0.922316      0.174333E-02
   0.928388      0.174449E-02
   0.934396      0.175778E-02
   0.940363      0.177557E-02
   0.946288      0.180390E-02
   0.952128      0.181117E-02
   0.957826      0.184264E-02
   0.963376      0.186513E-02
   0.968804      0.193490E-02
   0.974070      0.197977E-02
   0.979055      0.200449E-02
   0.983722      0.213177E-02
   0.988163      0.246576E-02
   0.992455      0.270493E-02
   0.996556      0.334155E-02
    1.00000      0.264376E-02
    1.00010       0.00000    
    1.00349       0.00000    
    1.00720       0.00000    
    1.01124       0.00000    
    1.01564       0.00000    
    1.02043       0.00000    
    1.02566       0.00000    
    1.03134       0.00000    
    1.03753       0.00000    
    1.04427       0.00000    
    1.05160       0.00000    
    1.05957       0.00000    
    1.06825       0.00000    
    1.07769       0.00000    
    1.08797       0.00000    
    1.09914       0.00000    
    1.11129       0.00000    
    1.12451       0.00000    
    1.13888       0.00000    
    1.15451       0.00000    
    1.17151       0.00000    
    1.19000       0.00000    
    1.21009       0.00000    
    1.23194       0.00000    
    1.25570       0.00000    
    1.28152       0.00000    
    1.30959       0.00000    
    1.34011       0.00000    
    1.37328       0.00000    
    1.40933       0.00000    
    1.44852       0.00000    
    1.49111       0.00000    
    1.53740       0.00000    
    1.58770       0.00000    
    1.64237       0.00000    
    1.70177       0.00000    
    1.76633       0.00000    
    1.83647       0.00000    
    1.91269       0.00000    
    1.99551       0.00000    

