#  AH 79-100 C AIRFOIL                             
#  alpha =  -7.5000
#  Mach  =   0.0000
#  Reyn  = 10000000
#  Ncrit =   8.0000
#
#    x           cf
   0.150929E-01  0.261578E-03
   0.173740E-01  0.445538E-03
   0.198747E-01  0.700819E-03
   0.225833E-01  0.867701E-03
   0.254950E-01  0.963710E-03
   0.286323E-01  0.122808E-02
   0.320377E-01  0.102881E-02
   0.357389E-01  0.131704E-02
   0.397242E-01  0.117710E-02
   0.439327E-01  0.135966E-02
   0.483036E-01  0.137495E-02
   0.528078E-01  0.139693E-02
   0.574579E-01  0.135220E-02
   0.622680E-01  0.134504E-02
   0.672283E-01  0.137862E-02
   0.723005E-01  0.136341E-02
   0.774449E-01  0.139533E-02
   0.826450E-01  0.137381E-02
   0.879114E-01  0.137500E-02
   0.932669E-01  0.126197E-02
   0.987192E-01  0.128866E-02
   0.104252      0.128719E-02
   0.109827      0.129770E-02
   0.115414      0.131519E-02
   0.121005      0.128486E-02
   0.126615      0.127632E-02
   0.132275      0.122329E-02
   0.138006      0.110678E-02
   0.143811      0.115796E-02
   0.149674      0.112248E-02
   0.155566      0.113504E-02
   0.161466      0.116177E-02
   0.167368      0.112871E-02
   0.173277      0.112950E-02
   0.179209      0.109012E-02
   0.185175      0.103889E-02
   0.191177      0.105278E-02
   0.197209      0.102755E-02
   0.203259      0.101672E-02
   0.209314      0.103859E-02
   0.215372      0.102670E-02
   0.221435      0.992015E-03
   0.227512      0.981644E-03
   0.233613      0.963927E-03
   0.239744      0.943892E-03
   0.245903      0.905475E-03
   0.252081      0.908639E-03
   0.258265      0.932702E-03
   0.264444      0.909740E-03
   0.270615      0.928169E-03
   0.276780      0.925658E-03
   0.282948      0.894748E-03
   0.289131      0.871295E-03
   0.295335      0.847511E-03
   0.301564      0.838703E-03
   0.307813      0.811162E-03
   0.314073      0.826800E-03
   0.320335      0.826183E-03
   0.326592      0.809922E-03
   0.332841      0.835445E-03
   0.339084      0.816513E-03
   0.345328      0.805838E-03
   0.351579      0.777097E-03
   0.357842      0.789617E-03
   0.364118      0.749822E-03
   0.370406      0.764476E-03
   0.376701      0.739131E-03
   0.382999      0.744495E-03
   0.389297      0.736085E-03
   0.395592      0.743942E-03
   0.401885      0.721546E-03
   0.408176      0.736764E-03
   0.414468      0.711493E-03
   0.420762      0.717528E-03
   0.427059      0.712952E-03
   0.433358      0.687718E-03
   0.439659      0.699263E-03
   0.445960      0.688762E-03
   0.452262      0.680138E-03
   0.458562      0.683006E-03
   0.464860      0.666528E-03
   0.471156      0.673680E-03
   0.477449      0.657448E-03
   0.483738      0.667144E-03
   0.490024      0.646318E-03
   0.496305      0.642524E-03
   0.502584      0.647921E-03
   0.508859      0.629025E-03
   0.515132      0.619559E-03
   0.521401      0.619516E-03
   0.527668      0.608857E-03
   0.533931      0.596775E-03
   0.540189      0.586442E-03
   0.546442      0.571375E-03
   0.552692      0.560237E-03
   0.558938      0.549675E-03
   0.565183      0.539023E-03
   0.571429      0.517114E-03
   0.577679      0.501597E-03
   0.583933      0.487054E-03
   0.590192      0.469667E-03
   0.596454      0.446802E-03
   0.602714      0.442028E-03
   0.608970      0.434632E-03
   0.615219      0.421722E-03
   0.621460      0.414749E-03
   0.627696      0.400065E-03
   0.633928      0.390475E-03
   0.640161      0.361428E-03
   0.646397      0.354572E-03
   0.652639      0.330039E-03
   0.658885      0.319286E-03
   0.665135      0.302449E-03
   0.671386      0.294830E-03
   0.677636      0.275678E-03
   0.683883      0.266357E-03
   0.690128      0.254244E-03
   0.696370      0.249876E-03
   0.702610      0.232276E-03
   0.708848      0.230202E-03
   0.715084      0.210647E-03
   0.721319      0.207788E-03
   0.727554      0.199603E-03
   0.733787      0.189318E-03
   0.740018      0.187847E-03
   0.746245      0.183237E-03
   0.752468      0.179627E-03
   0.758683      0.183734E-03
   0.764888      0.191311E-03
   0.771085      0.207490E-03
   0.777275      0.545642E-03
   0.783460      0.146194E-02
   0.789643      0.270266E-02
   0.795826      0.367801E-02
   0.802007      0.418879E-02
   0.808181      0.447445E-02
   0.814343      0.455876E-02
   0.820489      0.461069E-02
   0.826619      0.454172E-02
   0.832734      0.453437E-02
   0.838839      0.442452E-02
   0.844937      0.438053E-02
   0.851025      0.427775E-02
   0.857100      0.423256E-02
   0.863157      0.414526E-02
   0.869192      0.409977E-02
   0.875205      0.402399E-02
   0.881201      0.395551E-02
   0.887183      0.390890E-02
   0.893144      0.383291E-02
   0.899070      0.380727E-02
   0.904939      0.376382E-02
   0.910737      0.372725E-02
   0.916463      0.367662E-02
   0.922126      0.361826E-02
   0.927732      0.351627E-02
   0.933273      0.343402E-02
   0.938727      0.331449E-02
   0.944083      0.320272E-02
   0.949351      0.300201E-02
   0.954563      0.276987E-02
   0.959741      0.248233E-02
   0.964867      0.221999E-02
   0.969889      0.194067E-02
   0.974757      0.161494E-02
   0.979450      0.128625E-02
   0.984006      0.104072E-02
   0.988454      0.883548E-03
   0.992727      0.731937E-03
   0.996702      0.504725E-03
    1.00000      0.360095E-03
    1.00010       0.00000    
    1.00349       0.00000    
    1.00718       0.00000    
    1.01121       0.00000    
    1.01559       0.00000    
    1.02036       0.00000    
    1.02555       0.00000    
    1.03120       0.00000    
    1.03734       0.00000    
    1.04403       0.00000    
    1.05131       0.00000    
    1.05922       0.00000    
    1.06783       0.00000    
    1.07719       0.00000    
    1.08737       0.00000    
    1.09844       0.00000    
    1.11048       0.00000    
    1.12357       0.00000    
    1.13780       0.00000    
    1.15328       0.00000    
    1.17011       0.00000    
    1.18840       0.00000    
    1.20829       0.00000    
    1.22991       0.00000    
    1.25341       0.00000    
    1.27896       0.00000    
    1.30674       0.00000    
    1.33692       0.00000    
    1.36974       0.00000    
    1.40540       0.00000    
    1.44416       0.00000    
    1.48629       0.00000    
    1.53207       0.00000    
    1.58184       0.00000    
    1.63591       0.00000    
    1.69468       0.00000    
    1.75855       0.00000    
    1.82796       0.00000    
    1.90338       0.00000    
    1.98534       0.00000    

   0.130431E-01  0.213422E-04
   0.112141E-01  0.328390E-03
   0.958315E-02  0.781129E-03
   0.812311E-02  0.109007E-02
   0.680345E-02  0.189568E-02
   0.560215E-02  0.207433E-02
   0.450349E-02  0.323379E-02
   0.349886E-02  0.444128E-02
   0.260614E-02  0.636727E-02
   0.184337E-02  0.786978E-02
   0.121802E-02  0.103792E-01
   0.731002E-03  0.126804E-01
   0.373660E-03  0.129954E-01
   0.134781E-03  0.168931E-01
   0.658553E-05  0.176447E-01
  -0.146601E-04  0.203859E-01
   0.725706E-04  0.236564E-01
   0.280294E-03  0.259534E-01
   0.629761E-03  0.291162E-01
   0.114995E-02  0.243172E-01
   0.186333E-02  0.876386E-02
   0.275478E-02 -0.172039E-02
   0.379466E-02 -0.133722E-02
   0.493931E-02  0.106003E-01
   0.616582E-02  0.248100E-01
   0.748107E-02  0.289864E-01
   0.889719E-02  0.265980E-01
   0.104348E-01  0.230963E-01
   0.121186E-01  0.182340E-01
   0.139715E-01  0.145829E-01
   0.160155E-01  0.116998E-01
   0.182614E-01  0.100004E-01
   0.207095E-01  0.965808E-02
   0.233628E-01  0.946146E-02
   0.262286E-01  0.914715E-02
   0.293363E-01  0.837249E-02
   0.327394E-01  0.751041E-02
   0.364997E-01  0.657467E-02
   0.406484E-01  0.599042E-02
   0.451591E-01  0.558132E-02
   0.499797E-01  0.531315E-02
   0.550714E-01  0.500563E-02
   0.604272E-01  0.471970E-02
   0.660255E-01  0.450680E-02
   0.718113E-01  0.433390E-02
   0.777129E-01  0.419702E-02
   0.836839E-01  0.405694E-02
   0.897210E-01  0.387044E-02
   0.958393E-01  0.370441E-02
   0.102033      0.355523E-02
   0.108263      0.348615E-02
   0.114482      0.349997E-02
   0.120672      0.344911E-02
   0.126849      0.338727E-02
   0.133057      0.326772E-02
   0.139331      0.313649E-02
   0.145682      0.303208E-02
   0.152097      0.292484E-02
   0.158545      0.285801E-02
   0.165001      0.280625E-02
   0.171453      0.274378E-02
   0.177900      0.268305E-02
   0.184342      0.262904E-02
   0.190783      0.257926E-02
   0.197227      0.254338E-02
   0.203675      0.249896E-02
   0.210129      0.247590E-02
   0.216587      0.244087E-02
   0.223046      0.241825E-02
   0.229503      0.237487E-02
   0.235952      0.233482E-02
   0.242395      0.230663E-02
   0.248834      0.226506E-02
   0.255277      0.223813E-02
   0.261729      0.221074E-02
   0.268193      0.219087E-02
   0.274669      0.216628E-02
   0.281150      0.214824E-02
   0.287629      0.211743E-02
   0.294099      0.209330E-02
   0.300557      0.206533E-02
   0.307004      0.204629E-02
   0.313445      0.202298E-02
   0.319887      0.200342E-02
   0.326333      0.198678E-02
   0.332785      0.197238E-02
   0.339242      0.195434E-02
   0.345701      0.193706E-02
   0.352159      0.191971E-02
   0.358612      0.190000E-02
   0.365060      0.188482E-02
   0.371502      0.186690E-02
   0.377939      0.185363E-02
   0.384373      0.183773E-02
   0.390804      0.182498E-02
   0.397234      0.181354E-02
   0.403666      0.180035E-02
   0.410100      0.178675E-02
   0.416538      0.178144E-02
   0.422980      0.176687E-02
   0.429425      0.176027E-02
   0.435871      0.174980E-02
   0.442316      0.174118E-02
   0.448757      0.172942E-02
   0.455194      0.172328E-02
   0.461628      0.171161E-02
   0.468062      0.170525E-02
   0.474500      0.169951E-02
   0.480946      0.169245E-02
   0.487402      0.168910E-02
   0.493867      0.168209E-02
   0.500338      0.167693E-02
   0.506812      0.166707E-02
   0.513282      0.165975E-02
   0.519747      0.165161E-02
   0.526206      0.164384E-02
   0.532663      0.163384E-02
   0.539120      0.162720E-02
   0.545581      0.162040E-02
   0.552048      0.161319E-02
   0.558521      0.160502E-02
   0.564997      0.159677E-02
   0.571469      0.158908E-02
   0.577933      0.157591E-02
   0.584386      0.156831E-02
   0.590830      0.155822E-02
   0.597268      0.154975E-02
   0.603706      0.154191E-02
   0.610152      0.153444E-02
   0.616608      0.152969E-02
   0.623074      0.152237E-02
   0.629547      0.151543E-02
   0.636019      0.150454E-02
   0.642484      0.149681E-02
   0.648936      0.148286E-02
   0.655377      0.147684E-02
   0.661807      0.146444E-02
   0.668232      0.145723E-02
   0.674657      0.144989E-02
   0.681085      0.144201E-02
   0.687518      0.143527E-02
   0.693955      0.142774E-02
   0.700395      0.141928E-02
   0.706835      0.141043E-02
   0.713273      0.140352E-02
   0.719707      0.139550E-02
   0.726135      0.138540E-02
   0.732557      0.137775E-02
   0.738971      0.136860E-02
   0.745378      0.136205E-02
   0.751779      0.134968E-02
   0.758178      0.134503E-02
   0.764574      0.133457E-02
   0.770971      0.132874E-02
   0.777366      0.132193E-02
   0.783761      0.131439E-02
   0.790152      0.130745E-02
   0.796540      0.129869E-02
   0.802923      0.129136E-02
   0.809300      0.128362E-02
   0.815670      0.127530E-02
   0.822031      0.126891E-02
   0.828381      0.125941E-02
   0.834719      0.125092E-02
   0.841042      0.124586E-02
   0.847354      0.123694E-02
   0.853658      0.123425E-02
   0.859964      0.122845E-02
   0.866275      0.122272E-02
   0.872589      0.121778E-02
   0.878891      0.121146E-02
   0.885165      0.120434E-02
   0.891402      0.119627E-02
   0.897609      0.119163E-02
   0.903803      0.118828E-02
   0.909997      0.118522E-02
   0.916178      0.118226E-02
   0.922316      0.117699E-02
   0.928388      0.117080E-02
   0.934396      0.117162E-02
   0.940363      0.117339E-02
   0.946288      0.117483E-02
   0.952128      0.117792E-02
   0.957826      0.118079E-02
   0.963376      0.118860E-02
   0.968804      0.120512E-02
   0.974070      0.121990E-02
   0.979055      0.123214E-02
   0.983722      0.126642E-02
   0.988163      0.134117E-02
   0.992455      0.139141E-02
   0.996556      0.145767E-02
    1.00000      0.135814E-02
    1.00010       0.00000    
    1.00349       0.00000    
    1.00718       0.00000    
    1.01121       0.00000    
    1.01559       0.00000    
    1.02036       0.00000    
    1.02555       0.00000    
    1.03120       0.00000    
    1.03734       0.00000    
    1.04403       0.00000    
    1.05131       0.00000    
    1.05922       0.00000    
    1.06783       0.00000    
    1.07719       0.00000    
    1.08737       0.00000    
    1.09844       0.00000    
    1.11048       0.00000    
    1.12357       0.00000    
    1.13780       0.00000    
    1.15328       0.00000    
    1.17011       0.00000    
    1.18840       0.00000    
    1.20829       0.00000    
    1.22991       0.00000    
    1.25341       0.00000    
    1.27896       0.00000    
    1.30674       0.00000    
    1.33692       0.00000    
    1.36974       0.00000    
    1.40540       0.00000    
    1.44416       0.00000    
    1.48629       0.00000    
    1.53207       0.00000    
    1.58184       0.00000    
    1.63591       0.00000    
    1.69468       0.00000    
    1.75855       0.00000    
    1.82796       0.00000    
    1.90338       0.00000    
    1.98534       0.00000    

