#  AH 79-100 C AIRFOIL                             
#  alpha =   2.0000
#  Mach  =   0.0000
#  Reyn  = 10000000
#  Ncrit =   8.0000
#
#    x           cf
   0.629761E-03  0.117849E-02
   0.280294E-03  0.253558E-02
   0.725706E-04  0.352252E-02
  -0.146601E-04  0.445072E-02
   0.658553E-05  0.494938E-02
   0.134781E-03  0.624246E-02
   0.373660E-03  0.621170E-02
   0.731002E-03  0.588274E-02
   0.121802E-02  0.579926E-02
   0.184337E-02  0.482846E-02
   0.260614E-02  0.313617E-02
   0.349886E-02  0.362514E-02
   0.450349E-02  0.239763E-02
   0.560215E-02  0.349832E-02
   0.680345E-02  0.361160E-02
   0.812311E-02  0.400298E-02
   0.958315E-02  0.337915E-02
   0.112141E-01  0.346531E-02
   0.130431E-01  0.254916E-02
   0.150929E-01  0.253957E-02
   0.173740E-01  0.241834E-02
   0.198747E-01  0.277003E-02
   0.225833E-01  0.313070E-02
   0.254950E-01  0.307877E-02
   0.286323E-01  0.271410E-02
   0.320377E-01  0.220797E-02
   0.357389E-01  0.197085E-02
   0.397242E-01  0.189652E-02
   0.439327E-01  0.211246E-02
   0.483036E-01  0.203404E-02
   0.528078E-01  0.207825E-02
   0.574579E-01  0.183093E-02
   0.622680E-01  0.171137E-02
   0.672283E-01  0.162018E-02
   0.723005E-01  0.162070E-02
   0.774449E-01  0.168389E-02
   0.826450E-01  0.161459E-02
   0.879114E-01  0.151790E-02
   0.932669E-01  0.138848E-02
   0.987192E-01  0.131895E-02
   0.104252      0.126928E-02
   0.109827      0.131712E-02
   0.115414      0.133691E-02
   0.121005      0.136258E-02
   0.126615      0.125486E-02
   0.132275      0.118237E-02
   0.138006      0.104690E-02
   0.143811      0.101409E-02
   0.149674      0.964009E-03
   0.155566      0.967801E-03
   0.161466      0.989843E-03
   0.167368      0.103393E-02
   0.173277      0.960456E-03
   0.179209      0.943440E-03
   0.185175      0.896641E-03
   0.191177      0.859736E-03
   0.197209      0.829633E-03
   0.203259      0.833726E-03
   0.209314      0.824793E-03
   0.215372      0.833376E-03
   0.221435      0.809928E-03
   0.227512      0.765806E-03
   0.233613      0.763927E-03
   0.239744      0.712497E-03
   0.245903      0.680717E-03
   0.252081      0.672166E-03
   0.258265      0.684687E-03
   0.264444      0.685553E-03
   0.270615      0.696305E-03
   0.276780      0.682015E-03
   0.282948      0.656427E-03
   0.289131      0.644787E-03
   0.295335      0.608681E-03
   0.301564      0.594240E-03
   0.307813      0.561453E-03
   0.314073      0.559773E-03
   0.320335      0.564329E-03
   0.326592      0.561086E-03
   0.332841      0.557295E-03
   0.339084      0.566722E-03
   0.345328      0.552780E-03
   0.351579      0.525243E-03
   0.357842      0.523307E-03
   0.364118      0.494911E-03
   0.370406      0.497225E-03
   0.376701      0.495653E-03
   0.382999      0.498014E-03
   0.389297      0.528236E-03
   0.395592      0.148558E-02
   0.401885      0.348106E-02
   0.408176      0.538600E-02
   0.414468      0.641032E-02
   0.420762      0.682064E-02
   0.427059      0.689853E-02
   0.433358      0.684613E-02
   0.439659      0.676044E-02
   0.445960      0.665840E-02
   0.452262      0.651657E-02
   0.458562      0.642621E-02
   0.464860      0.632743E-02
   0.471156      0.623130E-02
   0.477449      0.615498E-02
   0.483738      0.608561E-02
   0.490024      0.600474E-02
   0.496305      0.594402E-02
   0.502584      0.588684E-02
   0.508859      0.582511E-02
   0.515132      0.576186E-02
   0.521401      0.571338E-02
   0.527668      0.565580E-02
   0.533931      0.560339E-02
   0.540189      0.555010E-02
   0.546442      0.549861E-02
   0.552692      0.544188E-02
   0.558938      0.538876E-02
   0.565183      0.533970E-02
   0.571429      0.526824E-02
   0.577679      0.521416E-02
   0.583933      0.515872E-02
   0.590192      0.509906E-02
   0.596454      0.503488E-02
   0.602714      0.499401E-02
   0.608970      0.494552E-02
   0.615219      0.488607E-02
   0.621460      0.484959E-02
   0.627696      0.479889E-02
   0.633928      0.474120E-02
   0.640161      0.468461E-02
   0.646397      0.462261E-02
   0.652639      0.456852E-02
   0.658885      0.451044E-02
   0.665135      0.445560E-02
   0.671386      0.440707E-02
   0.677636      0.435520E-02
   0.683883      0.430152E-02
   0.690128      0.425288E-02
   0.696370      0.420614E-02
   0.702610      0.415715E-02
   0.708848      0.410703E-02
   0.715084      0.406503E-02
   0.721319      0.401605E-02
   0.727554      0.396919E-02
   0.733787      0.391672E-02
   0.740018      0.388362E-02
   0.746245      0.383493E-02
   0.752468      0.378613E-02
   0.758683      0.375531E-02
   0.764888      0.371332E-02
   0.771085      0.366454E-02
   0.777275      0.362989E-02
   0.783460      0.357989E-02
   0.789643      0.353872E-02
   0.795826      0.348895E-02
   0.802007      0.344086E-02
   0.808181      0.340354E-02
   0.814343      0.336030E-02
   0.820489      0.332193E-02
   0.826619      0.328059E-02
   0.832734      0.323692E-02
   0.838839      0.318575E-02
   0.844937      0.313770E-02
   0.851025      0.308993E-02
   0.857100      0.303535E-02
   0.863157      0.298936E-02
   0.869192      0.293692E-02
   0.875205      0.288093E-02
   0.881201      0.282534E-02
   0.887183      0.275738E-02
   0.893144      0.269799E-02
   0.899070      0.264226E-02
   0.904939      0.258060E-02
   0.910737      0.252181E-02
   0.916463      0.243532E-02
   0.922126      0.234635E-02
   0.927732      0.223362E-02
   0.933273      0.210958E-02
   0.938727      0.196621E-02
   0.944083      0.180313E-02
   0.949351      0.161213E-02
   0.954563      0.140309E-02
   0.959741      0.118342E-02
   0.964867      0.974416E-03
   0.969889      0.780826E-03
   0.974757      0.602991E-03
   0.979450      0.450711E-03
   0.984006      0.340317E-03
   0.988454      0.260362E-03
   0.992727      0.194701E-03
   0.996702      0.130770E-03
    1.00000      0.830321E-04
    1.00010       0.00000    
    1.00349       0.00000    
    1.00720       0.00000    
    1.01124       0.00000    
    1.01564       0.00000    
    1.02043       0.00000    
    1.02565       0.00000    
    1.03133       0.00000    
    1.03751       0.00000    
    1.04424       0.00000    
    1.05157       0.00000    
    1.05954       0.00000    
    1.06821       0.00000    
    1.07765       0.00000    
    1.08791       0.00000    
    1.09908       0.00000    
    1.11122       0.00000    
    1.12443       0.00000    
    1.13879       0.00000    
    1.15441       0.00000    
    1.17139       0.00000    
    1.18986       0.00000    
    1.20994       0.00000    
    1.23177       0.00000    
    1.25551       0.00000    
    1.28131       0.00000    
    1.30937       0.00000    
    1.33986       0.00000    
    1.37301       0.00000    
    1.40903       0.00000    
    1.44820       0.00000    
    1.49076       0.00000    
    1.53702       0.00000    
    1.58729       0.00000    
    1.64193       0.00000    
    1.70130       0.00000    
    1.76583       0.00000    
    1.83594       0.00000    
    1.91214       0.00000    
    1.99493       0.00000    

   0.114995E-02  0.547496E-03
   0.186333E-02  0.179942E-02
   0.275478E-02  0.189725E-02
   0.379466E-02  0.314426E-02
   0.493931E-02  0.220827E-02
   0.616582E-02  0.382306E-02
   0.748107E-02  0.304746E-02
   0.889719E-02  0.393132E-02
   0.104348E-01  0.291218E-02
   0.121186E-01  0.238665E-02
   0.139715E-01  0.260282E-02
   0.160155E-01  0.155522E-02
   0.182614E-01  0.173050E-02
   0.207095E-01  0.196669E-02
   0.233628E-01  0.205052E-02
   0.262286E-01  0.175585E-02
   0.293363E-01  0.147021E-02
   0.327394E-01  0.134432E-02
   0.364997E-01  0.921450E-03
   0.406484E-01  0.975683E-03
   0.451591E-01  0.101480E-02
   0.499797E-01  0.931568E-03
   0.550714E-01  0.915246E-03
   0.604272E-01  0.782576E-03
   0.660255E-01  0.768385E-03
   0.718113E-01  0.729952E-03
   0.777129E-01  0.727656E-03
   0.836839E-01  0.678865E-03
   0.897210E-01  0.600794E-03
   0.958393E-01  0.532581E-03
   0.102033      0.488628E-03
   0.108263      0.520447E-03
   0.114482      0.602126E-03
   0.120672      0.584728E-03
   0.126849      0.566396E-03
   0.133057      0.482398E-03
   0.139331      0.385579E-03
   0.145682      0.357586E-03
   0.152097      0.331428E-03
   0.158545      0.320983E-03
   0.165001      0.333250E-03
   0.171453      0.319176E-03
   0.177900      0.325470E-03
   0.184342      0.297905E-03
   0.190783      0.292007E-03
   0.197227      0.302165E-03
   0.203675      0.282197E-03
   0.210129      0.303991E-03
   0.216587      0.294089E-03
   0.223046      0.298681E-03
   0.229503      0.278067E-03
   0.235952      0.276109E-03
   0.242395      0.253534E-03
   0.248834      0.246628E-03
   0.255277      0.240662E-03
   0.261729      0.251936E-03
   0.268193      0.244900E-03
   0.274669      0.268439E-03
   0.281150      0.474442E-03
   0.287629      0.106453E-02
   0.294099      0.182580E-02
   0.300557      0.228683E-02
   0.307004      0.250195E-02
   0.313445      0.254053E-02
   0.319887      0.253268E-02
   0.326333      0.252217E-02
   0.332785      0.247693E-02
   0.339242      0.243466E-02
   0.345701      0.237353E-02
   0.352159      0.235942E-02
   0.358612      0.230195E-02
   0.365060      0.227265E-02
   0.371502      0.223860E-02
   0.377939      0.221968E-02
   0.384373      0.220194E-02
   0.390804      0.216885E-02
   0.397234      0.215373E-02
   0.403666      0.212529E-02
   0.410100      0.212819E-02
   0.416538      0.210281E-02
   0.422980      0.209661E-02
   0.429425      0.207757E-02
   0.435871      0.206550E-02
   0.442316      0.206010E-02
   0.448757      0.203893E-02
   0.455194      0.203519E-02
   0.461628      0.201667E-02
   0.468062      0.201200E-02
   0.474500      0.200967E-02
   0.480946      0.199220E-02
   0.487402      0.199748E-02
   0.493867      0.198580E-02
   0.500338      0.198257E-02
   0.506812      0.196964E-02
   0.513282      0.195865E-02
   0.519747      0.195224E-02
   0.526206      0.194072E-02
   0.532663      0.193281E-02
   0.539120      0.192647E-02
   0.545581      0.191727E-02
   0.552048      0.191054E-02
   0.558521      0.190078E-02
   0.564997      0.189832E-02
   0.571469      0.188992E-02
   0.577933      0.187605E-02
   0.584386      0.186591E-02
   0.590830      0.185714E-02
   0.597268      0.184733E-02
   0.603706      0.183866E-02
   0.610152      0.184184E-02
   0.616608      0.183391E-02
   0.623074      0.183093E-02
   0.629547      0.182750E-02
   0.636019      0.181775E-02
   0.642484      0.180639E-02
   0.648936      0.179900E-02
   0.655377      0.178629E-02
   0.661807      0.178079E-02
   0.668232      0.177095E-02
   0.674657      0.177226E-02
   0.681085      0.176274E-02
   0.687518      0.176433E-02
   0.693955      0.175453E-02
   0.700395      0.175372E-02
   0.706835      0.174762E-02
   0.713273      0.174063E-02
   0.719707      0.173817E-02
   0.726135      0.172581E-02
   0.732557      0.172376E-02
   0.738971      0.171264E-02
   0.745378      0.171141E-02
   0.751779      0.170596E-02
   0.758178      0.170011E-02
   0.764574      0.169908E-02
   0.770971      0.169185E-02
   0.777366      0.169206E-02
   0.783761      0.168604E-02
   0.790152      0.168330E-02
   0.796540      0.168129E-02
   0.802923      0.167529E-02
   0.809300      0.167027E-02
   0.815670      0.167142E-02
   0.822031      0.166007E-02
   0.828381      0.166029E-02
   0.834719      0.165557E-02
   0.841042      0.165004E-02
   0.847354      0.164939E-02
   0.853658      0.164814E-02
   0.859964      0.165524E-02
   0.866275      0.165172E-02
   0.872589      0.165834E-02
   0.878891      0.165353E-02
   0.885165      0.165017E-02
   0.891402      0.164936E-02
   0.897609      0.165101E-02
   0.903803      0.165081E-02
   0.909997      0.166362E-02
   0.916178      0.166741E-02
   0.922316      0.166520E-02
   0.928388      0.166590E-02
   0.934396      0.167738E-02
   0.940363      0.169280E-02
   0.946288      0.171657E-02
   0.952128      0.172433E-02
   0.957826      0.174963E-02
   0.963376      0.177033E-02
   0.968804      0.183213E-02
   0.974070      0.187158E-02
   0.979055      0.189638E-02
   0.983722      0.200651E-02
   0.988163      0.229324E-02
   0.992455      0.250049E-02
   0.996556      0.300025E-02
    1.00000      0.246003E-02
    1.00010       0.00000    
    1.00349       0.00000    
    1.00720       0.00000    
    1.01124       0.00000    
    1.01564       0.00000    
    1.02043       0.00000    
    1.02565       0.00000    
    1.03133       0.00000    
    1.03751       0.00000    
    1.04424       0.00000    
    1.05157       0.00000    
    1.05954       0.00000    
    1.06821       0.00000    
    1.07765       0.00000    
    1.08791       0.00000    
    1.09908       0.00000    
    1.11122       0.00000    
    1.12443       0.00000    
    1.13879       0.00000    
    1.15441       0.00000    
    1.17139       0.00000    
    1.18986       0.00000    
    1.20994       0.00000    
    1.23177       0.00000    
    1.25551       0.00000    
    1.28131       0.00000    
    1.30937       0.00000    
    1.33986       0.00000    
    1.37301       0.00000    
    1.40903       0.00000    
    1.44820       0.00000    
    1.49076       0.00000    
    1.53702       0.00000    
    1.58729       0.00000    
    1.64193       0.00000    
    1.70130       0.00000    
    1.76583       0.00000    
    1.83594       0.00000    
    1.91214       0.00000    
    1.99493       0.00000    

