#  AH 79-100 C AIRFOIL                             
#  alpha =   6.5000
#  Mach  =   0.0000
#  Reyn  =  1000000
#  Ncrit =   8.0000
#
#    x           cf
   0.748107E-02  0.195349E-02
   0.616582E-02  0.403806E-02
   0.493931E-02  0.752790E-02
   0.379466E-02  0.106320E-01
   0.275478E-02  0.200047E-01
   0.186333E-02  0.278755E-01
   0.114995E-02  0.353613E-01
   0.629761E-03  0.394980E-01
   0.280294E-03  0.347896E-01
   0.725706E-04  0.376198E-01
  -0.146601E-04  0.364475E-01
   0.658553E-05  0.365606E-01
   0.134781E-03  0.360842E-01
   0.373660E-03  0.375830E-01
   0.731002E-03  0.282731E-01
   0.121802E-02  0.254727E-01
   0.184337E-02  0.144343E-01
   0.260614E-02  0.780736E-02
   0.349886E-02  0.314122E-02
   0.450349E-02  0.132547E-02
   0.560215E-02  0.299003E-02
   0.680345E-02  0.570050E-02
   0.812311E-02  0.868561E-02
   0.958315E-02  0.979815E-02
   0.112141E-01  0.887982E-02
   0.130431E-01  0.681620E-02
   0.150929E-01  0.658658E-02
   0.173740E-01  0.492030E-02
   0.198747E-01  0.674960E-02
   0.225833E-01  0.799385E-02
   0.254950E-01  0.870676E-02
   0.286323E-01  0.782629E-02
   0.320377E-01  0.650501E-02
   0.357389E-01  0.511223E-02
   0.397242E-01  0.453210E-02
   0.439327E-01  0.480190E-02
   0.483036E-01  0.498614E-02
   0.528078E-01  0.493013E-02
   0.574579E-01  0.469948E-02
   0.622680E-01  0.409895E-02
   0.672283E-01  0.396719E-02
   0.723005E-01  0.384787E-02
   0.774449E-01  0.397447E-02
   0.826450E-01  0.388328E-02
   0.879114E-01  0.353662E-02
   0.932669E-01  0.333509E-02
   0.987192E-01  0.301779E-02
   0.104252      0.297815E-02
   0.109827      0.297154E-02
   0.115414      0.293238E-02
   0.121005      0.296726E-02
   0.126615      0.294112E-02
   0.132275      0.258860E-02
   0.138006      0.236686E-02
   0.143811      0.217422E-02
   0.149674      0.200876E-02
   0.155566      0.199206E-02
   0.161466      0.204690E-02
   0.167368      0.198011E-02
   0.173277      0.195181E-02
   0.179209      0.184233E-02
   0.185175      0.177759E-02
   0.191177      0.166142E-02
   0.197209      0.162294E-02
   0.203259      0.159999E-02
   0.209314      0.156661E-02
   0.215372      0.153466E-02
   0.221435      0.151975E-02
   0.227512      0.143298E-02
   0.233613      0.138972E-02
   0.239744      0.128099E-02
   0.245903      0.125102E-02
   0.252081      0.122489E-02
   0.258265      0.122478E-02
   0.264444      0.120583E-02
   0.270615      0.126267E-02
   0.276780      0.125174E-02
   0.282948      0.123002E-02
   0.289131      0.125861E-02
   0.295335      0.125463E-02
   0.301564      0.133579E-02
   0.307813      0.163231E-02
   0.314073      0.225377E-02
   0.320335      0.332879E-02
   0.326592      0.467714E-02
   0.332841      0.606702E-02
   0.339084      0.720184E-02
   0.345328      0.804677E-02
   0.351579      0.859621E-02
   0.357842      0.897111E-02
   0.364118      0.923320E-02
   0.370406      0.935725E-02
   0.376701      0.939162E-02
   0.382999      0.943175E-02
   0.389297      0.940604E-02
   0.395592      0.936629E-02
   0.401885      0.927765E-02
   0.408176      0.921657E-02
   0.414468      0.909770E-02
   0.420762      0.902503E-02
   0.427059      0.893078E-02
   0.433358      0.879509E-02
   0.439659      0.870701E-02
   0.445960      0.863081E-02
   0.452262      0.851129E-02
   0.458562      0.842781E-02
   0.464860      0.832342E-02
   0.471156      0.825352E-02
   0.477449      0.815776E-02
   0.483738      0.808013E-02
   0.490024      0.797798E-02
   0.496305      0.790252E-02
   0.502584      0.781638E-02
   0.508859      0.773437E-02
   0.515132      0.764522E-02
   0.521401      0.757120E-02
   0.527668      0.746648E-02
   0.533931      0.739517E-02
   0.540189      0.730255E-02
   0.546442      0.721060E-02
   0.552692      0.712128E-02
   0.558938      0.703851E-02
   0.565183      0.693712E-02
   0.571429      0.683307E-02
   0.577679      0.672922E-02
   0.583933      0.664386E-02
   0.590192      0.653364E-02
   0.596454      0.643701E-02
   0.602714      0.635042E-02
   0.608970      0.625779E-02
   0.615219      0.616567E-02
   0.621460      0.608664E-02
   0.627696      0.598758E-02
   0.633928      0.589571E-02
   0.640161      0.579810E-02
   0.646397      0.568757E-02
   0.652639      0.559604E-02
   0.658885      0.549104E-02
   0.665135      0.539828E-02
   0.671386      0.530848E-02
   0.677636      0.521283E-02
   0.683883      0.512160E-02
   0.690128      0.503066E-02
   0.696370      0.493818E-02
   0.702610      0.485334E-02
   0.708848      0.476190E-02
   0.715084      0.467977E-02
   0.721319      0.458801E-02
   0.727554      0.450510E-02
   0.733787      0.440986E-02
   0.740018      0.433504E-02
   0.746245      0.424464E-02
   0.752468      0.415556E-02
   0.758683      0.408455E-02
   0.764888      0.399773E-02
   0.771085      0.390746E-02
   0.777275      0.382623E-02
   0.783460      0.373327E-02
   0.789643      0.364555E-02
   0.795826      0.354723E-02
   0.802007      0.345447E-02
   0.808181      0.336281E-02
   0.814343      0.327072E-02
   0.820489      0.317421E-02
   0.826619      0.307996E-02
   0.832734      0.297440E-02
   0.838839      0.286562E-02
   0.844937      0.275345E-02
   0.851025      0.264129E-02
   0.857100      0.252006E-02
   0.863157      0.240270E-02
   0.869192      0.227488E-02
   0.875205      0.214569E-02
   0.881201      0.201187E-02
   0.887183      0.186735E-02
   0.893144      0.172878E-02
   0.899070      0.158688E-02
   0.904939      0.144301E-02
   0.910737      0.130053E-02
   0.916463      0.114849E-02
   0.922126      0.100095E-02
   0.927732      0.853750E-03
   0.933273      0.711698E-03
   0.938727      0.577630E-03
   0.944083      0.452639E-03
   0.949351      0.338450E-03
   0.954563      0.235857E-03
   0.959741      0.144452E-03
   0.964867      0.630931E-04
   0.969889      0.143070E-04
   0.974757      0.362161E-05
   0.979450     -0.334892E-05
   0.984006     -0.735839E-05
   0.988454     -0.963445E-05
   0.992727     -0.109659E-04
   0.996702     -0.117631E-04
    1.00000     -0.121445E-04
    1.00010       0.00000    
    1.00349       0.00000    
    1.00720       0.00000    
    1.01125       0.00000    
    1.01566       0.00000    
    1.02046       0.00000    
    1.02569       0.00000    
    1.03139       0.00000    
    1.03759       0.00000    
    1.04434       0.00000    
    1.05169       0.00000    
    1.05969       0.00000    
    1.06839       0.00000    
    1.07785       0.00000    
    1.08815       0.00000    
    1.09935       0.00000    
    1.11154       0.00000    
    1.12479       0.00000    
    1.13920       0.00000    
    1.15487       0.00000    
    1.17191       0.00000    
    1.19044       0.00000    
    1.21059       0.00000    
    1.23249       0.00000    
    1.25630       0.00000    
    1.28218       0.00000    
    1.31032       0.00000    
    1.34090       0.00000    
    1.37413       0.00000    
    1.41025       0.00000    
    1.44950       0.00000    
    1.49216       0.00000    
    1.53851       0.00000    
    1.58887       0.00000    
    1.64359       0.00000    
    1.70305       0.00000    
    1.76765       0.00000    
    1.83783       0.00000    
    1.91407       0.00000    
    1.99691       0.00000    

   0.889719E-02  0.106357E-03
   0.104348E-01  0.125840E-02
   0.121186E-01  0.302755E-02
   0.139715E-01  0.245141E-02
   0.160155E-01  0.377928E-02
   0.182614E-01  0.312441E-02
   0.207095E-01  0.420366E-02
   0.233628E-01  0.413457E-02
   0.262286E-01  0.380466E-02
   0.293363E-01  0.429252E-02
   0.327394E-01  0.314274E-02
   0.364997E-01  0.340115E-02
   0.406484E-01  0.343480E-02
   0.451591E-01  0.326832E-02
   0.499797E-01  0.315552E-02
   0.550714E-01  0.302140E-02
   0.604272E-01  0.265037E-02
   0.660255E-01  0.280632E-02
   0.718113E-01  0.263664E-02
   0.777129E-01  0.255680E-02
   0.836839E-01  0.240727E-02
   0.897210E-01  0.242173E-02
   0.958393E-01  0.200085E-02
   0.102033      0.213779E-02
   0.108263      0.201160E-02
   0.114482      0.226750E-02
   0.120672      0.210262E-02
   0.126849      0.201515E-02
   0.133057      0.189253E-02
   0.139331      0.167671E-02
   0.145682      0.163132E-02
   0.152097      0.146499E-02
   0.158545      0.154635E-02
   0.165001      0.147630E-02
   0.171453      0.145997E-02
   0.177900      0.146929E-02
   0.184342      0.134836E-02
   0.190783      0.142960E-02
   0.197227      0.135936E-02
   0.203675      0.133495E-02
   0.210129      0.133956E-02
   0.216587      0.131349E-02
   0.223046      0.129131E-02
   0.229503      0.127018E-02
   0.235952      0.122859E-02
   0.242395      0.120373E-02
   0.248834      0.113695E-02
   0.255277      0.113550E-02
   0.261729      0.111932E-02
   0.268193      0.112208E-02
   0.274669      0.108326E-02
   0.281150      0.110689E-02
   0.287629      0.107000E-02
   0.294099      0.105836E-02
   0.300557      0.101875E-02
   0.307004      0.999153E-03
   0.313445      0.100343E-02
   0.319887      0.964351E-03
   0.326333      0.984761E-03
   0.332785      0.968457E-03
   0.339242      0.969889E-03
   0.345701      0.945089E-03
   0.352159      0.944422E-03
   0.358612      0.907820E-03
   0.365060      0.921582E-03
   0.371502      0.905754E-03
   0.377939      0.893638E-03
   0.384373      0.886665E-03
   0.390804      0.878033E-03
   0.397234      0.872174E-03
   0.403666      0.863025E-03
   0.410100      0.866859E-03
   0.416538      0.875823E-03
   0.422980      0.857191E-03
   0.429425      0.867229E-03
   0.435871      0.859909E-03
   0.442316      0.864533E-03
   0.448757      0.846971E-03
   0.455194      0.853496E-03
   0.461628      0.841798E-03
   0.468062      0.854794E-03
   0.474500      0.850548E-03
   0.480946      0.847199E-03
   0.487402      0.868061E-03
   0.493867      0.857730E-03
   0.500338      0.859953E-03
   0.506812      0.859563E-03
   0.513282      0.843860E-03
   0.519747      0.839742E-03
   0.526206      0.831998E-03
   0.532663      0.829891E-03
   0.539120      0.824377E-03
   0.545581      0.823695E-03
   0.552048      0.810328E-03
   0.558521      0.811687E-03
   0.564997      0.811007E-03
   0.571469      0.804113E-03
   0.577933      0.791256E-03
   0.584386      0.775104E-03
   0.590830      0.775753E-03
   0.597268      0.764544E-03
   0.603706      0.759837E-03
   0.610152      0.775361E-03
   0.616608      0.763905E-03
   0.623074      0.768585E-03
   0.629547      0.767374E-03
   0.636019      0.763428E-03
   0.642484      0.744905E-03
   0.648936      0.742946E-03
   0.655377      0.730878E-03
   0.661807      0.731334E-03
   0.668232      0.717210E-03
   0.674657      0.728928E-03
   0.681085      0.718959E-03
   0.687518      0.728411E-03
   0.693955      0.721385E-03
   0.700395      0.727950E-03
   0.706835      0.724433E-03
   0.713273      0.722673E-03
   0.719707      0.724455E-03
   0.726135      0.712377E-03
   0.732557      0.716944E-03
   0.738971      0.707187E-03
   0.745378      0.709502E-03
   0.751779      0.712796E-03
   0.758178      0.711232E-03
   0.764574      0.718499E-03
   0.770971      0.713484E-03
   0.777366      0.722028E-03
   0.783761      0.720916E-03
   0.790152      0.724823E-03
   0.796540      0.734841E-03
   0.802923      0.732680E-03
   0.809300      0.730541E-03
   0.815670      0.747078E-03
   0.822031      0.735600E-03
   0.828381      0.746722E-03
   0.834719      0.750383E-03
   0.841042      0.750316E-03
   0.847354      0.764677E-03
   0.853658      0.771810E-03
   0.859964      0.796451E-03
   0.866275      0.806478E-03
   0.872589      0.829531E-03
   0.878891      0.836266E-03
   0.885165      0.844889E-03
   0.891402      0.865416E-03
   0.897609      0.882223E-03
   0.903803      0.898712E-03
   0.909997      0.940718E-03
   0.916178      0.965060E-03
   0.922316      0.986090E-03
   0.928388      0.101341E-02
   0.934396      0.105927E-02
   0.940363      0.111545E-02
   0.946288      0.119798E-02
   0.952128      0.124315E-02
   0.957826      0.134069E-02
   0.963376      0.142971E-02
   0.968804      0.160710E-02
   0.974070      0.175652E-02
   0.979055      0.187457E-02
   0.983722      0.223297E-02
   0.988163      0.313951E-02
   0.992455      0.393860E-02
   0.996556      0.634048E-02
    1.00000      0.354238E-02
    1.00010       0.00000    
    1.00349       0.00000    
    1.00720       0.00000    
    1.01125       0.00000    
    1.01566       0.00000    
    1.02046       0.00000    
    1.02569       0.00000    
    1.03139       0.00000    
    1.03759       0.00000    
    1.04434       0.00000    
    1.05169       0.00000    
    1.05969       0.00000    
    1.06839       0.00000    
    1.07785       0.00000    
    1.08815       0.00000    
    1.09935       0.00000    
    1.11154       0.00000    
    1.12479       0.00000    
    1.13920       0.00000    
    1.15487       0.00000    
    1.17191       0.00000    
    1.19044       0.00000    
    1.21059       0.00000    
    1.23249       0.00000    
    1.25630       0.00000    
    1.28218       0.00000    
    1.31032       0.00000    
    1.34090       0.00000    
    1.37413       0.00000    
    1.41025       0.00000    
    1.44950       0.00000    
    1.49216       0.00000    
    1.53851       0.00000    
    1.58887       0.00000    
    1.64359       0.00000    
    1.70305       0.00000    
    1.76765       0.00000    
    1.83783       0.00000    
    1.91407       0.00000    
    1.99691       0.00000    

