#  AH 79-100 C AIRFOIL                             
#  alpha =   3.0000
#  Mach  =   0.0000
#  Reyn  = 10000000
#  Ncrit =  10.0000
#
#    x           cf
   0.186333E-02  0.553100E-03
   0.114995E-02  0.226312E-02
   0.629761E-03  0.393386E-02
   0.280294E-03  0.480029E-02
   0.725706E-04  0.624131E-02
  -0.146601E-04  0.589206E-02
   0.658553E-05  0.744922E-02
   0.134781E-03  0.725956E-02
   0.373660E-03  0.773902E-02
   0.731002E-03  0.728522E-02
   0.121802E-02  0.680485E-02
   0.184337E-02  0.431870E-02
   0.260614E-02  0.410602E-02
   0.349886E-02  0.248257E-02
   0.450349E-02  0.262303E-02
   0.560215E-02  0.330140E-02
   0.680345E-02  0.365969E-02
   0.812311E-02  0.394922E-02
   0.958315E-02  0.384143E-02
   0.112141E-01  0.313337E-02
   0.130431E-01  0.283695E-02
   0.150929E-01  0.228387E-02
   0.173740E-01  0.236518E-02
   0.198747E-01  0.275425E-02
   0.225833E-01  0.314226E-02
   0.254950E-01  0.313470E-02
   0.286323E-01  0.267431E-02
   0.320377E-01  0.223671E-02
   0.357389E-01  0.192366E-02
   0.397242E-01  0.176655E-02
   0.439327E-01  0.204561E-02
   0.483036E-01  0.202843E-02
   0.528078E-01  0.200312E-02
   0.574579E-01  0.177658E-02
   0.622680E-01  0.167568E-02
   0.672283E-01  0.153304E-02
   0.723005E-01  0.163583E-02
   0.774449E-01  0.159052E-02
   0.826450E-01  0.155884E-02
   0.879114E-01  0.145439E-02
   0.932669E-01  0.132769E-02
   0.987192E-01  0.126548E-02
   0.104252      0.119889E-02
   0.109827      0.128732E-02
   0.115414      0.125374E-02
   0.121005      0.128527E-02
   0.126615      0.123746E-02
   0.132275      0.110231E-02
   0.138006      0.998698E-03
   0.143811      0.935295E-03
   0.149674      0.926824E-03
   0.155566      0.911701E-03
   0.161466      0.922450E-03
   0.167368      0.954931E-03
   0.173277      0.911282E-03
   0.179209      0.882618E-03
   0.185175      0.833309E-03
   0.191177      0.807265E-03
   0.197209      0.765809E-03
   0.203259      0.769513E-03
   0.209314      0.769981E-03
   0.215372      0.764953E-03
   0.221435      0.757867E-03
   0.227512      0.711909E-03
   0.233613      0.694073E-03
   0.239744      0.659106E-03
   0.245903      0.631129E-03
   0.252081      0.610978E-03
   0.258265      0.627579E-03
   0.264444      0.628565E-03
   0.270615      0.631808E-03
   0.276780      0.626675E-03
   0.282948      0.612308E-03
   0.289131      0.585661E-03
   0.295335      0.554282E-03
   0.301564      0.534049E-03
   0.307813      0.512395E-03
   0.314073      0.510730E-03
   0.320335      0.515116E-03
   0.326592      0.521477E-03
   0.332841      0.538390E-03
   0.339084      0.543200E-03
   0.345328      0.105625E-02
   0.351579      0.259271E-02
   0.357842      0.486973E-02
   0.364118      0.639373E-02
   0.370406      0.701443E-02
   0.376701      0.722364E-02
   0.382999      0.717761E-02
   0.389297      0.708382E-02
   0.395592      0.698507E-02
   0.401885      0.684663E-02
   0.408176      0.671629E-02
   0.414468      0.661255E-02
   0.420762      0.651640E-02
   0.427059      0.641379E-02
   0.433358      0.632767E-02
   0.439659      0.625788E-02
   0.445960      0.619454E-02
   0.452262      0.611292E-02
   0.458562      0.606932E-02
   0.464860      0.601308E-02
   0.471156      0.594941E-02
   0.477449      0.590420E-02
   0.483738      0.585881E-02
   0.490024      0.580333E-02
   0.496305      0.576287E-02
   0.502584      0.571516E-02
   0.508859      0.566974E-02
   0.515132      0.561543E-02
   0.521401      0.557967E-02
   0.527668      0.552574E-02
   0.533931      0.548180E-02
   0.540189      0.542649E-02
   0.546442      0.537960E-02
   0.552692      0.533927E-02
   0.558938      0.527214E-02
   0.565183      0.523708E-02
   0.571429      0.516517E-02
   0.577679      0.511121E-02
   0.583933      0.505733E-02
   0.590192      0.500042E-02
   0.596454      0.493758E-02
   0.602714      0.489767E-02
   0.608970      0.484506E-02
   0.615219      0.479081E-02
   0.621460      0.474916E-02
   0.627696      0.469919E-02
   0.633928      0.464193E-02
   0.640161      0.458785E-02
   0.646397      0.452534E-02
   0.652639      0.446998E-02
   0.658885      0.441217E-02
   0.665135      0.435711E-02
   0.671386      0.430698E-02
   0.677636      0.425195E-02
   0.683883      0.420480E-02
   0.690128      0.415219E-02
   0.696370      0.410204E-02
   0.702610      0.405456E-02
   0.708848      0.400291E-02
   0.715084      0.396139E-02
   0.721319      0.390797E-02
   0.727554      0.386486E-02
   0.733787      0.380868E-02
   0.740018      0.377533E-02
   0.746245      0.372421E-02
   0.752468      0.367660E-02
   0.758683      0.364483E-02
   0.764888      0.359996E-02
   0.771085      0.355085E-02
   0.777275      0.351432E-02
   0.783460      0.346495E-02
   0.789643      0.342171E-02
   0.795826      0.336950E-02
   0.802007      0.332226E-02
   0.808181      0.328247E-02
   0.814343      0.323869E-02
   0.820489      0.319681E-02
   0.826619      0.315594E-02
   0.832734      0.310860E-02
   0.838839      0.305605E-02
   0.844937      0.300564E-02
   0.851025      0.295609E-02
   0.857100      0.290005E-02
   0.863157      0.285184E-02
   0.869192      0.279558E-02
   0.875205      0.273860E-02
   0.881201      0.267961E-02
   0.887183      0.260835E-02
   0.893144      0.254577E-02
   0.899070      0.248509E-02
   0.904939      0.241880E-02
   0.910737      0.235371E-02
   0.916463      0.226241E-02
   0.922126      0.216805E-02
   0.927732      0.205163E-02
   0.933273      0.192359E-02
   0.938727      0.177828E-02
   0.944083      0.161507E-02
   0.949351      0.143035E-02
   0.954563      0.123162E-02
   0.959741      0.102796E-02
   0.964867      0.836761E-03
   0.969889      0.662830E-03
   0.974757      0.506571E-03
   0.979450      0.374509E-03
   0.984006      0.279005E-03
   0.988454      0.209230E-03
   0.992727      0.151968E-03
   0.996702      0.966273E-04
    1.00000      0.532305E-04
    1.00010       0.00000    
    1.00349       0.00000    
    1.00720       0.00000    
    1.01124       0.00000    
    1.01564       0.00000    
    1.02043       0.00000    
    1.02566       0.00000    
    1.03134       0.00000    
    1.03753       0.00000    
    1.04427       0.00000    
    1.05160       0.00000    
    1.05957       0.00000    
    1.06825       0.00000    
    1.07769       0.00000    
    1.08797       0.00000    
    1.09914       0.00000    
    1.11129       0.00000    
    1.12451       0.00000    
    1.13888       0.00000    
    1.15451       0.00000    
    1.17151       0.00000    
    1.19000       0.00000    
    1.21009       0.00000    
    1.23194       0.00000    
    1.25570       0.00000    
    1.28152       0.00000    
    1.30959       0.00000    
    1.34011       0.00000    
    1.37328       0.00000    
    1.40933       0.00000    
    1.44852       0.00000    
    1.49111       0.00000    
    1.53740       0.00000    
    1.58770       0.00000    
    1.64237       0.00000    
    1.70177       0.00000    
    1.76633       0.00000    
    1.83647       0.00000    
    1.91269       0.00000    
    1.99551       0.00000    

   0.275478E-02  0.621247E-03
   0.379466E-02  0.138007E-02
   0.493931E-02  0.158799E-02
   0.616582E-02  0.222433E-02
   0.748107E-02  0.276030E-02
   0.889719E-02  0.262878E-02
   0.104348E-01  0.249351E-02
   0.121186E-01  0.256622E-02
   0.139715E-01  0.194734E-02
   0.160155E-01  0.180042E-02
   0.182614E-01  0.164529E-02
   0.207095E-01  0.201188E-02
   0.233628E-01  0.186012E-02
   0.262286E-01  0.164670E-02
   0.293363E-01  0.163401E-02
   0.327394E-01  0.120547E-02
   0.364997E-01  0.111203E-02
   0.406484E-01  0.102674E-02
   0.451591E-01  0.111956E-02
   0.499797E-01  0.101134E-02
   0.550714E-01  0.916634E-03
   0.604272E-01  0.881668E-03
   0.660255E-01  0.825768E-03
   0.718113E-01  0.768223E-03
   0.777129E-01  0.788315E-03
   0.836839E-01  0.729987E-03
   0.897210E-01  0.645770E-03
   0.958393E-01  0.604024E-03
   0.102033      0.561221E-03
   0.108263      0.570119E-03
   0.114482      0.653707E-03
   0.120672      0.624545E-03
   0.126849      0.597945E-03
   0.133057      0.517891E-03
   0.139331      0.435511E-03
   0.145682      0.417098E-03
   0.152097      0.379899E-03
   0.158545      0.383314E-03
   0.165001      0.371058E-03
   0.171453      0.381092E-03
   0.177900      0.361658E-03
   0.184342      0.349913E-03
   0.190783      0.353970E-03
   0.197227      0.327590E-03
   0.203675      0.346915E-03
   0.210129      0.336625E-03
   0.216587      0.339816E-03
   0.223046      0.349356E-03
   0.229503      0.308789E-03
   0.235952      0.305539E-03
   0.242395      0.296470E-03
   0.248834      0.270549E-03
   0.255277      0.284876E-03
   0.261729      0.267447E-03
   0.268193      0.274231E-03
   0.274669      0.278931E-03
   0.281150      0.269206E-03
   0.287629      0.268918E-03
   0.294099      0.248410E-03
   0.300557      0.245239E-03
   0.307004      0.236852E-03
   0.313445      0.240229E-03
   0.319887      0.229358E-03
   0.326333      0.233051E-03
   0.332785      0.239296E-03
   0.339242      0.228945E-03
   0.345701      0.226783E-03
   0.352159      0.221726E-03
   0.358612      0.216683E-03
   0.365060      0.216742E-03
   0.371502      0.209183E-03
   0.377939      0.210105E-03
   0.384373      0.204348E-03
   0.390804      0.208828E-03
   0.397234      0.199909E-03
   0.403666      0.202858E-03
   0.410100      0.203770E-03
   0.416538      0.204177E-03
   0.422980      0.203182E-03
   0.429425      0.207202E-03
   0.435871      0.201914E-03
   0.442316      0.203876E-03
   0.448757      0.202725E-03
   0.455194      0.203670E-03
   0.461628      0.199682E-03
   0.468062      0.201479E-03
   0.474500      0.206794E-03
   0.480946      0.204328E-03
   0.487402      0.207519E-03
   0.493867      0.213341E-03
   0.500338      0.208635E-03
   0.506812      0.211040E-03
   0.513282      0.205237E-03
   0.519747      0.204928E-03
   0.526206      0.202276E-03
   0.532663      0.204442E-03
   0.539120      0.204032E-03
   0.545581      0.205294E-03
   0.552048      0.206623E-03
   0.558521      0.213025E-03
   0.564997      0.434787E-03
   0.571469      0.721844E-03
   0.577933      0.118358E-02
   0.584386      0.162274E-02
   0.590830      0.192582E-02
   0.597268      0.208954E-02
   0.603706      0.217984E-02
   0.610152      0.223398E-02
   0.616608      0.223559E-02
   0.623074      0.223393E-02
   0.629547      0.222186E-02
   0.636019      0.218810E-02
   0.642484      0.216439E-02
   0.648936      0.213592E-02
   0.655377      0.210700E-02
   0.661807      0.208607E-02
   0.668232      0.205950E-02
   0.674657      0.205258E-02
   0.681085      0.203034E-02
   0.687518      0.202189E-02
   0.693955      0.200157E-02
   0.700395      0.199294E-02
   0.706835      0.197736E-02
   0.713273      0.196301E-02
   0.719707      0.195493E-02
   0.726135      0.193381E-02
   0.732557      0.192533E-02
   0.738971      0.190939E-02
   0.745378      0.190254E-02
   0.751779      0.189383E-02
   0.758178      0.188339E-02
   0.764574      0.187985E-02
   0.770971      0.186795E-02
   0.777366      0.186634E-02
   0.783761      0.185437E-02
   0.790152      0.185150E-02
   0.796540      0.184769E-02
   0.802923      0.183807E-02
   0.809300      0.182836E-02
   0.815670      0.183146E-02
   0.822031      0.181323E-02
   0.828381      0.181316E-02
   0.834719      0.180634E-02
   0.841042      0.179785E-02
   0.847354      0.179600E-02
   0.853658      0.179383E-02
   0.859964      0.180184E-02
   0.866275      0.179623E-02
   0.872589      0.180313E-02
   0.878891      0.179547E-02
   0.885165      0.178906E-02
   0.891402      0.178902E-02
   0.897609      0.179000E-02
   0.903803      0.178722E-02
   0.909997      0.180285E-02
   0.916178      0.180580E-02
   0.922316      0.180095E-02
   0.928388      0.180001E-02
   0.934396      0.181233E-02
   0.940363      0.182920E-02
   0.946288      0.185799E-02
   0.952128      0.186139E-02
   0.957826      0.189276E-02
   0.963376      0.191222E-02
   0.968804      0.198485E-02
   0.974070      0.202727E-02
   0.979055      0.204478E-02
   0.983722      0.217525E-02
   0.988163      0.253483E-02
   0.992455      0.277913E-02
   0.996556      0.348219E-02
    1.00000      0.267047E-02
    1.00010       0.00000    
    1.00349       0.00000    
    1.00720       0.00000    
    1.01124       0.00000    
    1.01564       0.00000    
    1.02043       0.00000    
    1.02566       0.00000    
    1.03134       0.00000    
    1.03753       0.00000    
    1.04427       0.00000    
    1.05160       0.00000    
    1.05957       0.00000    
    1.06825       0.00000    
    1.07769       0.00000    
    1.08797       0.00000    
    1.09914       0.00000    
    1.11129       0.00000    
    1.12451       0.00000    
    1.13888       0.00000    
    1.15451       0.00000    
    1.17151       0.00000    
    1.19000       0.00000    
    1.21009       0.00000    
    1.23194       0.00000    
    1.25570       0.00000    
    1.28152       0.00000    
    1.30959       0.00000    
    1.34011       0.00000    
    1.37328       0.00000    
    1.40933       0.00000    
    1.44852       0.00000    
    1.49111       0.00000    
    1.53740       0.00000    
    1.58770       0.00000    
    1.64237       0.00000    
    1.70177       0.00000    
    1.76633       0.00000    
    1.83647       0.00000    
    1.91269       0.00000    
    1.99551       0.00000    

