#  AH 79-100 C AIRFOIL                             
#  alpha =  -1.0000
#  Mach  =   0.0000
#  Reyn  = 10000000
#  Ncrit =  10.0000
#
#    x           cf
   0.134781E-03  0.986546E-04
   0.373660E-03  0.129779E-02
   0.731002E-03  0.145959E-02
   0.121802E-02  0.286598E-02
   0.184337E-02  0.220330E-02
   0.260614E-02  0.267514E-02
   0.349886E-02  0.225633E-02
   0.450349E-02  0.244121E-02
   0.560215E-02  0.248245E-02
   0.680345E-02  0.275069E-02
   0.812311E-02  0.294754E-02
   0.958315E-02  0.282030E-02
   0.112141E-01  0.255899E-02
   0.130431E-01  0.246139E-02
   0.150929E-01  0.238298E-02
   0.173740E-01  0.231345E-02
   0.198747E-01  0.243566E-02
   0.225833E-01  0.285525E-02
   0.254950E-01  0.256465E-02
   0.286323E-01  0.245870E-02
   0.320377E-01  0.214828E-02
   0.357389E-01  0.202757E-02
   0.397242E-01  0.190060E-02
   0.439327E-01  0.211400E-02
   0.483036E-01  0.206203E-02
   0.528078E-01  0.200109E-02
   0.574579E-01  0.183893E-02
   0.622680E-01  0.174786E-02
   0.672283E-01  0.170878E-02
   0.723005E-01  0.171097E-02
   0.774449E-01  0.168930E-02
   0.826450E-01  0.169191E-02
   0.879114E-01  0.155866E-02
   0.932669E-01  0.147156E-02
   0.987192E-01  0.140126E-02
   0.104252      0.138812E-02
   0.109827      0.143501E-02
   0.115414      0.141109E-02
   0.121005      0.141917E-02
   0.126615      0.136955E-02
   0.132275      0.126816E-02
   0.138006      0.116096E-02
   0.143811      0.110456E-02
   0.149674      0.112815E-02
   0.155566      0.107649E-02
   0.161466      0.113689E-02
   0.167368      0.111286E-02
   0.173277      0.110225E-02
   0.179209      0.106618E-02
   0.185175      0.100129E-02
   0.191177      0.988264E-03
   0.197209      0.959346E-03
   0.203259      0.944920E-03
   0.209314      0.961588E-03
   0.215372      0.948624E-03
   0.221435      0.937004E-03
   0.227512      0.883884E-03
   0.233613      0.889758E-03
   0.239744      0.839395E-03
   0.245903      0.799640E-03
   0.252081      0.809388E-03
   0.258265      0.816217E-03
   0.264444      0.798087E-03
   0.270615      0.815786E-03
   0.276780      0.819276E-03
   0.282948      0.790155E-03
   0.289131      0.759312E-03
   0.295335      0.734065E-03
   0.301564      0.714020E-03
   0.307813      0.690341E-03
   0.314073      0.688222E-03
   0.320335      0.688654E-03
   0.326592      0.681825E-03
   0.332841      0.697281E-03
   0.339084      0.685635E-03
   0.345328      0.672446E-03
   0.351579      0.647461E-03
   0.357842      0.642258E-03
   0.364118      0.614406E-03
   0.370406      0.617451E-03
   0.376701      0.601174E-03
   0.382999      0.598522E-03
   0.389297      0.586649E-03
   0.395592      0.591326E-03
   0.401885      0.579962E-03
   0.408176      0.576183E-03
   0.414468      0.566806E-03
   0.420762      0.561096E-03
   0.427059      0.556029E-03
   0.433358      0.540443E-03
   0.439659      0.538053E-03
   0.445960      0.534114E-03
   0.452262      0.519067E-03
   0.458562      0.526560E-03
   0.464860      0.510271E-03
   0.471156      0.511036E-03
   0.477449      0.491727E-03
   0.483738      0.503727E-03
   0.490024      0.485990E-03
   0.496305      0.480678E-03
   0.502584      0.474170E-03
   0.508859      0.463473E-03
   0.515132      0.451417E-03
   0.521401      0.449744E-03
   0.527668      0.430798E-03
   0.533931      0.421709E-03
   0.540189      0.407382E-03
   0.546442      0.393299E-03
   0.552692      0.380800E-03
   0.558938      0.362584E-03
   0.565183      0.350755E-03
   0.571429      0.325325E-03
   0.577679      0.309764E-03
   0.583933      0.290746E-03
   0.590192      0.272513E-03
   0.596454      0.254642E-03
   0.602714      0.249196E-03
   0.608970      0.244661E-03
   0.615219      0.245697E-03
   0.621460      0.272381E-03
   0.627696      0.906763E-03
   0.633928      0.231872E-02
   0.640161      0.382483E-02
   0.646397      0.481288E-02
   0.652639      0.531014E-02
   0.658885      0.552299E-02
   0.665135      0.555595E-02
   0.671386      0.553862E-02
   0.677636      0.546007E-02
   0.683883      0.536660E-02
   0.690128      0.527480E-02
   0.696370      0.517950E-02
   0.702610      0.507816E-02
   0.708848      0.499531E-02
   0.715084      0.490247E-02
   0.721319      0.482115E-02
   0.727554      0.474700E-02
   0.733787      0.466242E-02
   0.740018      0.460658E-02
   0.746245      0.453814E-02
   0.752468      0.447005E-02
   0.758683      0.442158E-02
   0.764888      0.436806E-02
   0.771085      0.430257E-02
   0.777275      0.426287E-02
   0.783460      0.419703E-02
   0.789643      0.414984E-02
   0.795826      0.409300E-02
   0.802007      0.403494E-02
   0.808181      0.399543E-02
   0.814343      0.394793E-02
   0.820489      0.391035E-02
   0.826619      0.386274E-02
   0.832734      0.382433E-02
   0.838839      0.376529E-02
   0.844937      0.372267E-02
   0.851025      0.366791E-02
   0.857100      0.361945E-02
   0.863157      0.357312E-02
   0.869192      0.352668E-02
   0.875205      0.347316E-02
   0.881201      0.342014E-02
   0.887183      0.336132E-02
   0.893144      0.330205E-02
   0.899070      0.326413E-02
   0.904939      0.321511E-02
   0.910737      0.317229E-02
   0.916463      0.310331E-02
   0.922126      0.302996E-02
   0.927732      0.292583E-02
   0.933273      0.281737E-02
   0.938727      0.268396E-02
   0.944083      0.253119E-02
   0.949351      0.232552E-02
   0.954563      0.208678E-02
   0.959741      0.181453E-02
   0.964867      0.154729E-02
   0.969889      0.127943E-02
   0.974757      0.100915E-02
   0.979450      0.762504E-03
   0.984006      0.583188E-03
   0.988454      0.457441E-03
   0.992727      0.350427E-03
   0.996702      0.236819E-03
    1.00000      0.161481E-03
    1.00010       0.00000    
    1.00349       0.00000    
    1.00719       0.00000    
    1.01123       0.00000    
    1.01562       0.00000    
    1.02041       0.00000    
    1.02562       0.00000    
    1.03129       0.00000    
    1.03746       0.00000    
    1.04418       0.00000    
    1.05149       0.00000    
    1.05944       0.00000    
    1.06809       0.00000    
    1.07751       0.00000    
    1.08775       0.00000    
    1.09888       0.00000    
    1.11100       0.00000    
    1.12417       0.00000    
    1.13849       0.00000    
    1.15407       0.00000    
    1.17101       0.00000    
    1.18943       0.00000    
    1.20946       0.00000    
    1.23124       0.00000    
    1.25491       0.00000    
    1.28065       0.00000    
    1.30863       0.00000    
    1.33904       0.00000    
    1.37210       0.00000    
    1.40804       0.00000    
    1.44711       0.00000    
    1.48957       0.00000    
    1.53572       0.00000    
    1.58588       0.00000    
    1.64039       0.00000    
    1.69964       0.00000    
    1.76403       0.00000    
    1.83400       0.00000    
    1.91005       0.00000    
    1.99269       0.00000    

   0.658553E-05  0.915994E-03
  -0.146601E-04  0.223312E-02
   0.725706E-04  0.385671E-02
   0.280294E-03  0.503289E-02
   0.629761E-03  0.789130E-02
   0.114995E-02  0.784112E-02
   0.186333E-02  0.692169E-02
   0.275478E-02  0.518021E-02
   0.379466E-02  0.441882E-02
   0.493931E-02  0.477495E-02
   0.616582E-02  0.534364E-02
   0.748107E-02  0.548226E-02
   0.889719E-02  0.515553E-02
   0.104348E-01  0.387043E-02
   0.121186E-01  0.247337E-02
   0.139715E-01  0.148341E-02
   0.160155E-01  0.757627E-03
   0.182614E-01  0.607446E-03
   0.207095E-01  0.967792E-03
   0.233628E-01  0.171160E-02
   0.262286E-01  0.135903E-02
   0.293363E-01  0.114546E-02
   0.327394E-01  0.663952E-03
   0.364997E-01  0.241083E-03
   0.406484E-01  0.197886E-03
   0.451591E-01  0.361414E-03
   0.499797E-01  0.962710E-03
   0.550714E-01  0.334502E-02
   0.604272E-01  0.445613E-02
   0.660255E-01  0.452143E-02
   0.718113E-01  0.430469E-02
   0.777129E-01  0.412284E-02
   0.836839E-01  0.390537E-02
   0.897210E-01  0.374061E-02
   0.958393E-01  0.353496E-02
   0.102033      0.341149E-02
   0.108263      0.338261E-02
   0.114482      0.337996E-02
   0.120672      0.336438E-02
   0.126849      0.327100E-02
   0.133057      0.317011E-02
   0.139331      0.303327E-02
   0.145682      0.296008E-02
   0.152097      0.285997E-02
   0.158545      0.282778E-02
   0.165001      0.279255E-02
   0.171453      0.272903E-02
   0.177900      0.269742E-02
   0.184342      0.264833E-02
   0.190783      0.261612E-02
   0.197227      0.259173E-02
   0.203675      0.256149E-02
   0.210129      0.253725E-02
   0.216587      0.251909E-02
   0.223046      0.249185E-02
   0.229503      0.246874E-02
   0.235952      0.242198E-02
   0.242395      0.240216E-02
   0.248834      0.235710E-02
   0.255277      0.234059E-02
   0.261729      0.232234E-02
   0.268193      0.229974E-02
   0.274669      0.228332E-02
   0.281150      0.226994E-02
   0.287629      0.224035E-02
   0.294099      0.222061E-02
   0.300557      0.219674E-02
   0.307004      0.217892E-02
   0.313445      0.215839E-02
   0.319887      0.213900E-02
   0.326333      0.212933E-02
   0.332785      0.211819E-02
   0.339242      0.210315E-02
   0.345701      0.208685E-02
   0.352159      0.207270E-02
   0.358612      0.205401E-02
   0.365060      0.203740E-02
   0.371502      0.202638E-02
   0.377939      0.201283E-02
   0.384373      0.199931E-02
   0.390804      0.199028E-02
   0.397234      0.197685E-02
   0.403666      0.196729E-02
   0.410100      0.195743E-02
   0.416538      0.195329E-02
   0.422980      0.194119E-02
   0.429425      0.193703E-02
   0.435871      0.192498E-02
   0.442316      0.192061E-02
   0.448757      0.190870E-02
   0.455194      0.190800E-02
   0.461628      0.188938E-02
   0.468062      0.188926E-02
   0.474500      0.188805E-02
   0.480946      0.187807E-02
   0.487402      0.188033E-02
   0.493867      0.187396E-02
   0.500338      0.187029E-02
   0.506812      0.186115E-02
   0.513282      0.185452E-02
   0.519747      0.184679E-02
   0.526206      0.183963E-02
   0.532663      0.183180E-02
   0.539120      0.182690E-02
   0.545581      0.182055E-02
   0.552048      0.181427E-02
   0.558521      0.180683E-02
   0.564997      0.180074E-02
   0.571469      0.179444E-02
   0.577933      0.178254E-02
   0.584386      0.177299E-02
   0.590830      0.176420E-02
   0.597268      0.175720E-02
   0.603706      0.174962E-02
   0.610152      0.174671E-02
   0.616608      0.174219E-02
   0.623074      0.173688E-02
   0.629547      0.173325E-02
   0.636019      0.172409E-02
   0.642484      0.171450E-02
   0.648936      0.170445E-02
   0.655377      0.169529E-02
   0.661807      0.168708E-02
   0.668232      0.167827E-02
   0.674657      0.167644E-02
   0.681085      0.166825E-02
   0.687518      0.166529E-02
   0.693955      0.165856E-02
   0.700395      0.165475E-02
   0.706835      0.164667E-02
   0.713273      0.164151E-02
   0.719707      0.163533E-02
   0.726135      0.162557E-02
   0.732557      0.162027E-02
   0.738971      0.161169E-02
   0.745378      0.160744E-02
   0.751779      0.159879E-02
   0.758178      0.159426E-02
   0.764574      0.158979E-02
   0.770971      0.158337E-02
   0.777366      0.158017E-02
   0.783761      0.157488E-02
   0.790152      0.157034E-02
   0.796540      0.156497E-02
   0.802923      0.155972E-02
   0.809300      0.155341E-02
   0.815670      0.154968E-02
   0.822031      0.154154E-02
   0.828381      0.153759E-02
   0.834719      0.153126E-02
   0.841042      0.152666E-02
   0.847354      0.152169E-02
   0.853658      0.152080E-02
   0.859964      0.152136E-02
   0.866275      0.151852E-02
   0.872589      0.151924E-02
   0.878891      0.151517E-02
   0.885165      0.150926E-02
   0.891402      0.150470E-02
   0.897609      0.150435E-02
   0.903803      0.150307E-02
   0.909997      0.150796E-02
   0.916178      0.150966E-02
   0.922316      0.150559E-02
   0.928388      0.150254E-02
   0.934396      0.150959E-02
   0.940363      0.151904E-02
   0.946288      0.153155E-02
   0.952128      0.153840E-02
   0.957826      0.155258E-02
   0.963376      0.156810E-02
   0.968804      0.160831E-02
   0.974070      0.163688E-02
   0.979055      0.165691E-02
   0.983722      0.173370E-02
   0.988163      0.192571E-02
   0.992455      0.205911E-02
   0.996556      0.232011E-02
    1.00000      0.202861E-02
    1.00010       0.00000    
    1.00349       0.00000    
    1.00719       0.00000    
    1.01123       0.00000    
    1.01562       0.00000    
    1.02041       0.00000    
    1.02562       0.00000    
    1.03129       0.00000    
    1.03746       0.00000    
    1.04418       0.00000    
    1.05149       0.00000    
    1.05944       0.00000    
    1.06809       0.00000    
    1.07751       0.00000    
    1.08775       0.00000    
    1.09888       0.00000    
    1.11100       0.00000    
    1.12417       0.00000    
    1.13849       0.00000    
    1.15407       0.00000    
    1.17101       0.00000    
    1.18943       0.00000    
    1.20946       0.00000    
    1.23124       0.00000    
    1.25491       0.00000    
    1.28065       0.00000    
    1.30863       0.00000    
    1.33904       0.00000    
    1.37210       0.00000    
    1.40804       0.00000    
    1.44711       0.00000    
    1.48957       0.00000    
    1.53572       0.00000    
    1.58588       0.00000    
    1.64039       0.00000    
    1.69964       0.00000    
    1.76403       0.00000    
    1.83400       0.00000    
    1.91005       0.00000    
    1.99269       0.00000    

