#  AH 79-100 C AIRFOIL                             
#  alpha =   2.5000
#  Mach  =   0.0000
#  Reyn  = 10000000
#  Ncrit =  10.0000
#
#    x           cf
   0.114995E-02  0.967349E-03
   0.629761E-03  0.243957E-02
   0.280294E-03  0.431667E-02
   0.725706E-04  0.375717E-02
  -0.146601E-04  0.683549E-02
   0.658553E-05  0.548123E-02
   0.134781E-03  0.673782E-02
   0.373660E-03  0.745233E-02
   0.731002E-03  0.635971E-02
   0.121802E-02  0.605674E-02
   0.184337E-02  0.531264E-02
   0.260614E-02  0.327523E-02
   0.349886E-02  0.310868E-02
   0.450349E-02  0.246585E-02
   0.560215E-02  0.353917E-02
   0.680345E-02  0.347888E-02
   0.812311E-02  0.401905E-02
   0.958315E-02  0.375015E-02
   0.112141E-01  0.321247E-02
   0.130431E-01  0.276717E-02
   0.150929E-01  0.235707E-02
   0.173740E-01  0.240626E-02
   0.198747E-01  0.278741E-02
   0.225833E-01  0.326341E-02
   0.254950E-01  0.291061E-02
   0.286323E-01  0.284119E-02
   0.320377E-01  0.216099E-02
   0.357389E-01  0.195789E-02
   0.397242E-01  0.187913E-02
   0.439327E-01  0.204767E-02
   0.483036E-01  0.205770E-02
   0.528078E-01  0.199714E-02
   0.574579E-01  0.183840E-02
   0.622680E-01  0.168846E-02
   0.672283E-01  0.157017E-02
   0.723005E-01  0.167440E-02
   0.774449E-01  0.157462E-02
   0.826450E-01  0.162846E-02
   0.879114E-01  0.149315E-02
   0.932669E-01  0.135139E-02
   0.987192E-01  0.129019E-02
   0.104252      0.125601E-02
   0.109827      0.127136E-02
   0.115414      0.131798E-02
   0.121005      0.128876E-02
   0.126615      0.126028E-02
   0.132275      0.118010E-02
   0.138006      0.100239E-02
   0.143811      0.982970E-03
   0.149674      0.936989E-03
   0.155566      0.949786E-03
   0.161466      0.942901E-03
   0.167368      0.994444E-03
   0.173277      0.948635E-03
   0.179209      0.905772E-03
   0.185175      0.862368E-03
   0.191177      0.846208E-03
   0.197209      0.793154E-03
   0.203259      0.806695E-03
   0.209314      0.809491E-03
   0.215372      0.780462E-03
   0.221435      0.797865E-03
   0.227512      0.726314E-03
   0.233613      0.739244E-03
   0.239744      0.681198E-03
   0.245903      0.660192E-03
   0.252081      0.646834E-03
   0.258265      0.656254E-03
   0.264444      0.639818E-03
   0.270615      0.675584E-03
   0.276780      0.651737E-03
   0.282948      0.638397E-03
   0.289131      0.603421E-03
   0.295335      0.590885E-03
   0.301564      0.562423E-03
   0.307813      0.535172E-03
   0.314073      0.536003E-03
   0.320335      0.542539E-03
   0.326592      0.527266E-03
   0.332841      0.539084E-03
   0.339084      0.524767E-03
   0.345328      0.523142E-03
   0.351579      0.502412E-03
   0.357842      0.487779E-03
   0.364118      0.474506E-03
   0.370406      0.453637E-03
   0.376701      0.458444E-03
   0.382999      0.457837E-03
   0.389297      0.450272E-03
   0.395592      0.456736E-03
   0.401885      0.473257E-03
   0.408176      0.942406E-03
   0.414468      0.225589E-02
   0.420762      0.435593E-02
   0.427059      0.588306E-02
   0.433358      0.658306E-02
   0.439659      0.687721E-02
   0.445960      0.691669E-02
   0.452262      0.682774E-02
   0.458562      0.674359E-02
   0.464860      0.664217E-02
   0.471156      0.652384E-02
   0.477449      0.639869E-02
   0.483738      0.634088E-02
   0.490024      0.622113E-02
   0.496305      0.614924E-02
   0.502584      0.606880E-02
   0.508859      0.600426E-02
   0.515132      0.592429E-02
   0.521401      0.586567E-02
   0.527668      0.579557E-02
   0.533931      0.573980E-02
   0.540189      0.567665E-02
   0.546442      0.561659E-02
   0.552692      0.555615E-02
   0.558938      0.550130E-02
   0.565183      0.544210E-02
   0.571429      0.537277E-02
   0.577679      0.530705E-02
   0.583933      0.525481E-02
   0.590192      0.518452E-02
   0.596454      0.512982E-02
   0.602714      0.507602E-02
   0.608970      0.502747E-02
   0.615219      0.496454E-02
   0.621460      0.492878E-02
   0.627696      0.487109E-02
   0.633928      0.481488E-02
   0.640161      0.475414E-02
   0.646397      0.468797E-02
   0.652639      0.463511E-02
   0.658885      0.457309E-02
   0.665135      0.451348E-02
   0.671386      0.446643E-02
   0.677636      0.441156E-02
   0.683883      0.435971E-02
   0.690128      0.430624E-02
   0.696370      0.425695E-02
   0.702610      0.420553E-02
   0.708848      0.415678E-02
   0.715084      0.411123E-02
   0.721319      0.406048E-02
   0.727554      0.401427E-02
   0.733787      0.395751E-02
   0.740018      0.392393E-02
   0.746245      0.387381E-02
   0.752468      0.382266E-02
   0.758683      0.379239E-02
   0.764888      0.374704E-02
   0.771085      0.369806E-02
   0.777275      0.366170E-02
   0.783460      0.361012E-02
   0.789643      0.356888E-02
   0.795826      0.351583E-02
   0.802007      0.346758E-02
   0.808181      0.342784E-02
   0.814343      0.338452E-02
   0.820489      0.334403E-02
   0.826619      0.330231E-02
   0.832734      0.325698E-02
   0.838839      0.320421E-02
   0.844937      0.315470E-02
   0.851025      0.310561E-02
   0.857100      0.305067E-02
   0.863157      0.300297E-02
   0.869192      0.294893E-02
   0.875205      0.289154E-02
   0.881201      0.283554E-02
   0.887183      0.276467E-02
   0.893144      0.270499E-02
   0.899070      0.264740E-02
   0.904939      0.258443E-02
   0.910737      0.252416E-02
   0.916463      0.243603E-02
   0.922126      0.234553E-02
   0.927732      0.223068E-02
   0.933273      0.210476E-02
   0.938727      0.195972E-02
   0.944083      0.179393E-02
   0.949351      0.160098E-02
   0.954563      0.139018E-02
   0.959741      0.116877E-02
   0.964867      0.958863E-03
   0.969889      0.764389E-03
   0.974757      0.587133E-03
   0.979450      0.435608E-03
   0.984006      0.326387E-03
   0.988454      0.247269E-03
   0.992727      0.182433E-03
   0.996702      0.119476E-03
    1.00000      0.719082E-04
    1.00010       0.00000    
    1.00349       0.00000    
    1.00720       0.00000    
    1.01124       0.00000    
    1.01564       0.00000    
    1.02043       0.00000    
    1.02565       0.00000    
    1.03133       0.00000    
    1.03752       0.00000    
    1.04426       0.00000    
    1.05158       0.00000    
    1.05956       0.00000    
    1.06823       0.00000    
    1.07767       0.00000    
    1.08794       0.00000    
    1.09911       0.00000    
    1.11125       0.00000    
    1.12447       0.00000    
    1.13884       0.00000    
    1.15446       0.00000    
    1.17145       0.00000    
    1.18993       0.00000    
    1.21002       0.00000    
    1.23186       0.00000    
    1.25560       0.00000    
    1.28142       0.00000    
    1.30948       0.00000    
    1.33999       0.00000    
    1.37314       0.00000    
    1.40919       0.00000    
    1.44836       0.00000    
    1.49094       0.00000    
    1.53721       0.00000    
    1.58750       0.00000    
    1.64215       0.00000    
    1.70154       0.00000    
    1.76608       0.00000    
    1.83622       0.00000    
    1.91242       0.00000    
    1.99523       0.00000    

   0.186333E-02  0.579265E-03
   0.275478E-02  0.138235E-02
   0.379466E-02  0.192963E-02
   0.493931E-02  0.229579E-02
   0.616582E-02  0.280813E-02
   0.748107E-02  0.283579E-02
   0.889719E-02  0.308680E-02
   0.104348E-01  0.309506E-02
   0.121186E-01  0.216385E-02
   0.139715E-01  0.252348E-02
   0.160155E-01  0.163340E-02
   0.182614E-01  0.165667E-02
   0.207095E-01  0.199957E-02
   0.233628E-01  0.196377E-02
   0.262286E-01  0.172986E-02
   0.293363E-01  0.154111E-02
   0.327394E-01  0.128656E-02
   0.364997E-01  0.101513E-02
   0.406484E-01  0.105434E-02
   0.451591E-01  0.104129E-02
   0.499797E-01  0.995454E-03
   0.550714E-01  0.921919E-03
   0.604272E-01  0.817198E-03
   0.660255E-01  0.814386E-03
   0.718113E-01  0.756420E-03
   0.777129E-01  0.767474E-03
   0.836839E-01  0.686375E-03
   0.897210E-01  0.645940E-03
   0.958393E-01  0.570587E-03
   0.102033      0.510216E-03
   0.108263      0.564512E-03
   0.114482      0.634444E-03
   0.120672      0.609157E-03
   0.126849      0.573356E-03
   0.133057      0.525390E-03
   0.139331      0.407316E-03
   0.145682      0.385470E-03
   0.152097      0.342494E-03
   0.158545      0.359595E-03
   0.165001      0.363897E-03
   0.171453      0.356538E-03
   0.177900      0.337031E-03
   0.184342      0.331743E-03
   0.190783      0.316974E-03
   0.197227      0.329736E-03
   0.203675      0.308435E-03
   0.210129      0.326348E-03
   0.216587      0.317453E-03
   0.223046      0.316057E-03
   0.229503      0.308362E-03
   0.235952      0.283558E-03
   0.242395      0.283345E-03
   0.248834      0.258233E-03
   0.255277      0.257334E-03
   0.261729      0.252726E-03
   0.268193      0.269437E-03
   0.274669      0.248030E-03
   0.281150      0.256282E-03
   0.287629      0.245889E-03
   0.294099      0.233114E-03
   0.300557      0.236233E-03
   0.307004      0.219476E-03
   0.313445      0.219762E-03
   0.319887      0.218837E-03
   0.326333      0.214659E-03
   0.332785      0.222285E-03
   0.339242      0.213634E-03
   0.345701      0.212702E-03
   0.352159      0.208187E-03
   0.358612      0.203095E-03
   0.365060      0.200274E-03
   0.371502      0.199635E-03
   0.377939      0.191477E-03
   0.384373      0.191772E-03
   0.390804      0.195261E-03
   0.397234      0.188137E-03
   0.403666      0.191238E-03
   0.410100      0.191260E-03
   0.416538      0.192264E-03
   0.422980      0.194026E-03
   0.429425      0.197331E-03
   0.435871      0.199195E-03
   0.442316      0.200868E-03
   0.448757      0.207766E-03
   0.455194      0.352359E-03
   0.461628      0.582894E-03
   0.468062      0.108236E-02
   0.474500      0.162605E-02
   0.480946      0.198144E-02
   0.487402      0.219678E-02
   0.493867      0.229105E-02
   0.500338      0.232285E-02
   0.506812      0.232605E-02
   0.513282      0.230086E-02
   0.519747      0.228283E-02
   0.526206      0.225358E-02
   0.532663      0.222715E-02
   0.539120      0.219974E-02
   0.545581      0.217558E-02
   0.552048      0.215177E-02
   0.558521      0.213274E-02
   0.564997      0.211477E-02
   0.571469      0.209132E-02
   0.577933      0.207083E-02
   0.584386      0.204843E-02
   0.590830      0.203222E-02
   0.597268      0.201422E-02
   0.603706      0.200126E-02
   0.610152      0.199833E-02
   0.616608      0.198830E-02
   0.623074      0.197874E-02
   0.629547      0.197039E-02
   0.636019      0.195602E-02
   0.642484      0.193964E-02
   0.648936      0.192968E-02
   0.655377      0.191078E-02
   0.661807      0.190478E-02
   0.668232      0.188903E-02
   0.674657      0.189195E-02
   0.681085      0.187760E-02
   0.687518      0.187810E-02
   0.693955      0.186517E-02
   0.700395      0.186478E-02
   0.706835      0.185414E-02
   0.713273      0.184711E-02
   0.719707      0.184238E-02
   0.726135      0.182601E-02
   0.732557      0.182382E-02
   0.738971      0.181040E-02
   0.745378      0.180701E-02
   0.751779      0.180019E-02
   0.758178      0.179313E-02
   0.764574      0.179235E-02
   0.770971      0.178105E-02
   0.777366      0.178266E-02
   0.783761      0.177440E-02
   0.790152      0.177018E-02
   0.796540      0.176876E-02
   0.802923      0.175973E-02
   0.809300      0.175305E-02
   0.815670      0.175554E-02
   0.822031      0.174048E-02
   0.828381      0.174081E-02
   0.834719      0.173492E-02
   0.841042      0.172816E-02
   0.847354      0.172698E-02
   0.853658      0.172383E-02
   0.859964      0.173252E-02
   0.866275      0.172781E-02
   0.872589      0.173445E-02
   0.878891      0.172849E-02
   0.885165      0.172278E-02
   0.891402      0.172204E-02
   0.897609      0.172324E-02
   0.903803      0.172159E-02
   0.909997      0.173595E-02
   0.916178      0.173840E-02
   0.922316      0.173510E-02
   0.928388      0.173411E-02
   0.934396      0.174632E-02
   0.940363      0.176153E-02
   0.946288      0.178725E-02
   0.952128      0.179324E-02
   0.957826      0.181995E-02
   0.963376      0.184038E-02
   0.968804      0.190569E-02
   0.974070      0.194647E-02
   0.979055      0.196590E-02
   0.983722      0.208407E-02
   0.988163      0.240973E-02
   0.992455      0.263172E-02
   0.996556      0.322641E-02
    1.00000      0.255421E-02
    1.00010       0.00000    
    1.00349       0.00000    
    1.00720       0.00000    
    1.01124       0.00000    
    1.01564       0.00000    
    1.02043       0.00000    
    1.02565       0.00000    
    1.03133       0.00000    
    1.03752       0.00000    
    1.04426       0.00000    
    1.05158       0.00000    
    1.05956       0.00000    
    1.06823       0.00000    
    1.07767       0.00000    
    1.08794       0.00000    
    1.09911       0.00000    
    1.11125       0.00000    
    1.12447       0.00000    
    1.13884       0.00000    
    1.15446       0.00000    
    1.17145       0.00000    
    1.18993       0.00000    
    1.21002       0.00000    
    1.23186       0.00000    
    1.25560       0.00000    
    1.28142       0.00000    
    1.30948       0.00000    
    1.33999       0.00000    
    1.37314       0.00000    
    1.40919       0.00000    
    1.44836       0.00000    
    1.49094       0.00000    
    1.53721       0.00000    
    1.58750       0.00000    
    1.64215       0.00000    
    1.70154       0.00000    
    1.76608       0.00000    
    1.83622       0.00000    
    1.91242       0.00000    
    1.99523       0.00000    

