#  AH 79-100 C AIRFOIL                             
#  alpha =   0.5000
#  Mach  =   0.0000
#  Reyn  =  1000000
#  Ncrit =  10.0000
#
#    x           cf
  -0.146601E-04  0.375077E-02
   0.658553E-05  0.651295E-02
   0.134781E-03  0.101073E-01
   0.373660E-03  0.114611E-01
   0.731002E-03  0.120325E-01
   0.121802E-02  0.142838E-01
   0.184337E-02  0.115688E-01
   0.260614E-02  0.104160E-01
   0.349886E-02  0.954067E-02
   0.450349E-02  0.903682E-02
   0.560215E-02  0.957454E-02
   0.680345E-02  0.102991E-01
   0.812311E-02  0.107852E-01
   0.958315E-02  0.104075E-01
   0.112141E-01  0.921403E-02
   0.130431E-01  0.891287E-02
   0.150929E-01  0.766283E-02
   0.173740E-01  0.788571E-02
   0.198747E-01  0.838354E-02
   0.225833E-01  0.948347E-02
   0.254950E-01  0.873770E-02
   0.286323E-01  0.837925E-02
   0.320377E-01  0.705422E-02
   0.357389E-01  0.662782E-02
   0.397242E-01  0.617382E-02
   0.439327E-01  0.660023E-02
   0.483036E-01  0.661395E-02
   0.528078E-01  0.637302E-02
   0.574579E-01  0.600148E-02
   0.622680E-01  0.547396E-02
   0.672283E-01  0.546772E-02
   0.723005E-01  0.535603E-02
   0.774449E-01  0.535415E-02
   0.826450E-01  0.514151E-02
   0.879114E-01  0.502167E-02
   0.932669E-01  0.455765E-02
   0.987192E-01  0.444873E-02
   0.104252      0.423462E-02
   0.109827      0.439778E-02
   0.115414      0.436876E-02
   0.121005      0.435050E-02
   0.126615      0.416031E-02
   0.132275      0.391739E-02
   0.138006      0.362184E-02
   0.143811      0.345691E-02
   0.149674      0.336779E-02
   0.155566      0.334747E-02
   0.161466      0.336173E-02
   0.167368      0.336745E-02
   0.173277      0.327207E-02
   0.179209      0.317935E-02
   0.185175      0.304973E-02
   0.191177      0.298615E-02
   0.197209      0.289477E-02
   0.203259      0.285783E-02
   0.209314      0.286075E-02
   0.215372      0.281149E-02
   0.221435      0.276360E-02
   0.227512      0.268019E-02
   0.233613      0.260772E-02
   0.239744      0.250503E-02
   0.245903      0.241608E-02
   0.252081      0.240563E-02
   0.258265      0.238434E-02
   0.264444      0.236919E-02
   0.270615      0.237903E-02
   0.276780      0.237251E-02
   0.282948      0.230068E-02
   0.289131      0.224432E-02
   0.295335      0.215876E-02
   0.301564      0.210980E-02
   0.307813      0.204880E-02
   0.314073      0.200910E-02
   0.320335      0.202632E-02
   0.326592      0.196871E-02
   0.332841      0.199456E-02
   0.339084      0.196400E-02
   0.345328      0.193858E-02
   0.351579      0.188076E-02
   0.357842      0.183828E-02
   0.364118      0.179144E-02
   0.370406      0.176915E-02
   0.376701      0.173443E-02
   0.382999      0.170861E-02
   0.389297      0.169186E-02
   0.395592      0.167064E-02
   0.401885      0.164909E-02
   0.408176      0.162589E-02
   0.414468      0.160445E-02
   0.420762      0.158178E-02
   0.427059      0.156575E-02
   0.433358      0.151660E-02
   0.439659      0.150301E-02
   0.445960      0.149133E-02
   0.452262      0.146266E-02
   0.458562      0.144131E-02
   0.464860      0.141834E-02
   0.471156      0.139859E-02
   0.477449      0.136928E-02
   0.483738      0.135878E-02
   0.490024      0.132282E-02
   0.496305      0.130236E-02
   0.502584      0.127019E-02
   0.508859      0.123922E-02
   0.515132      0.120202E-02
   0.521401      0.117051E-02
   0.527668      0.112426E-02
   0.533931      0.108648E-02
   0.540189      0.103718E-02
   0.546442      0.987795E-03
   0.552692      0.938864E-03
   0.558938      0.880249E-03
   0.565183      0.824468E-03
   0.571429      0.753185E-03
   0.577679      0.688252E-03
   0.583933      0.621781E-03
   0.590192      0.555566E-03
   0.596454      0.486756E-03
   0.602714      0.428102E-03
   0.608970      0.368745E-03
   0.615219      0.307830E-03
   0.621460      0.253322E-03
   0.627696      0.194879E-03
   0.633928      0.138515E-03
   0.640161      0.847452E-04
   0.646397      0.354056E-04
   0.652639     -0.748342E-05
   0.658885     -0.432077E-04
   0.665135     -0.723814E-04
   0.671386     -0.943713E-04
   0.677636     -0.111804E-03
   0.683883     -0.124623E-03
   0.690128     -0.133457E-03
   0.696370     -0.138971E-03
   0.702610     -0.142129E-03
   0.708848     -0.142775E-03
   0.715084     -0.140968E-03
   0.721319     -0.135651E-03
   0.727554     -0.124886E-03
   0.733787     -0.103372E-03
   0.740018     -0.397786E-04
   0.746245      0.287720E-03
   0.752468      0.904582E-03
   0.758683      0.173518E-02
   0.764888      0.260877E-02
   0.771085      0.339276E-02
   0.777275      0.405779E-02
   0.783460      0.456116E-02
   0.789643      0.495229E-02
   0.795826      0.523094E-02
   0.802007      0.542824E-02
   0.808181      0.557792E-02
   0.814343      0.567240E-02
   0.820489      0.573370E-02
   0.826619      0.575745E-02
   0.832734      0.575855E-02
   0.838839      0.571983E-02
   0.844937      0.568099E-02
   0.851025      0.562050E-02
   0.857100      0.555052E-02
   0.863157      0.548175E-02
   0.869192      0.539930E-02
   0.875205      0.530563E-02
   0.881201      0.520942E-02
   0.887183      0.509427E-02
   0.893144      0.498513E-02
   0.899070      0.488921E-02
   0.904939      0.478196E-02
   0.910737      0.467597E-02
   0.916463      0.452909E-02
   0.922126      0.437341E-02
   0.927732      0.417608E-02
   0.933273      0.396294E-02
   0.938727      0.371676E-02
   0.944083      0.343894E-02
   0.949351      0.310693E-02
   0.954563      0.274247E-02
   0.959741      0.235482E-02
   0.964867      0.198572E-02
   0.969889      0.163751E-02
   0.974757      0.131077E-02
   0.979450      0.102507E-02
   0.984006      0.815297E-03
   0.988454      0.663302E-03
   0.992727      0.536208E-03
   0.996702      0.407537E-03
    1.00000      0.314502E-03
    1.00010       0.00000    
    1.00349       0.00000    
    1.00720       0.00000    
    1.01123       0.00000    
    1.01563       0.00000    
    1.02042       0.00000    
    1.02563       0.00000    
    1.03131       0.00000    
    1.03749       0.00000    
    1.04421       0.00000    
    1.05153       0.00000    
    1.05949       0.00000    
    1.06815       0.00000    
    1.07758       0.00000    
    1.08783       0.00000    
    1.09898       0.00000    
    1.11111       0.00000    
    1.12430       0.00000    
    1.13864       0.00000    
    1.15424       0.00000    
    1.17121       0.00000    
    1.18965       0.00000    
    1.20971       0.00000    
    1.23151       0.00000    
    1.25522       0.00000    
    1.28099       0.00000    
    1.30901       0.00000    
    1.33946       0.00000    
    1.37257       0.00000    
    1.40856       0.00000    
    1.44767       0.00000    
    1.49019       0.00000    
    1.53640       0.00000    
    1.58662       0.00000    
    1.64120       0.00000    
    1.70052       0.00000    
    1.76499       0.00000    
    1.83504       0.00000    
    1.91117       0.00000    
    1.99390       0.00000    

   0.725706E-04  0.109921E-03
   0.280294E-03  0.476829E-02
   0.629761E-03  0.899240E-02
   0.114995E-02  0.162509E-01
   0.186333E-02  0.130345E-01
   0.275478E-02  0.138828E-01
   0.379466E-02  0.123931E-01
   0.493931E-02  0.130207E-01
   0.616582E-02  0.131766E-01
   0.748107E-02  0.155720E-01
   0.889719E-02  0.130793E-01
   0.104348E-01  0.120680E-01
   0.121186E-01  0.887137E-02
   0.139715E-01  0.682725E-02
   0.160155E-01  0.518060E-02
   0.182614E-01  0.468106E-02
   0.207095E-01  0.508595E-02
   0.233628E-01  0.608274E-02
   0.262286E-01  0.547679E-02
   0.293363E-01  0.427997E-02
   0.327394E-01  0.360303E-02
   0.364997E-01  0.264099E-02
   0.406484E-01  0.228818E-02
   0.451591E-01  0.245906E-02
   0.499797E-01  0.220507E-02
   0.550714E-01  0.219529E-02
   0.604272E-01  0.201286E-02
   0.660255E-01  0.187898E-02
   0.718113E-01  0.178447E-02
   0.777129E-01  0.179522E-02
   0.836839E-01  0.167804E-02
   0.897210E-01  0.148516E-02
   0.958393E-01  0.134051E-02
   0.102033      0.122274E-02
   0.108263      0.126175E-02
   0.114482      0.137637E-02
   0.120672      0.142369E-02
   0.126849      0.135721E-02
   0.133057      0.118016E-02
   0.139331      0.100812E-02
   0.145682      0.877107E-03
   0.152097      0.781120E-03
   0.158545      0.740068E-03
   0.165001      0.707636E-03
   0.171453      0.701521E-03
   0.177900      0.659651E-03
   0.184342      0.631625E-03
   0.190783      0.625785E-03
   0.197227      0.612375E-03
   0.203675      0.614824E-03
   0.210129      0.617908E-03
   0.216587      0.614256E-03
   0.223046      0.608187E-03
   0.229503      0.593545E-03
   0.235952      0.560736E-03
   0.242395      0.548414E-03
   0.248834      0.508644E-03
   0.255277      0.509148E-03
   0.261729      0.502403E-03
   0.268193      0.489948E-03
   0.274669      0.491632E-03
   0.281150      0.488971E-03
   0.287629      0.461052E-03
   0.294099      0.452619E-03
   0.300557      0.437953E-03
   0.307004      0.433164E-03
   0.313445      0.411366E-03
   0.319887      0.417275E-03
   0.326333      0.405152E-03
   0.332785      0.412484E-03
   0.339242      0.404405E-03
   0.345701      0.399415E-03
   0.352159      0.387908E-03
   0.358612      0.386034E-03
   0.365060      0.376429E-03
   0.371502      0.374821E-03
   0.377939      0.367680E-03
   0.384373      0.366542E-03
   0.390804      0.363863E-03
   0.397234      0.361089E-03
   0.403666      0.364155E-03
   0.410100      0.362437E-03
   0.416538      0.368886E-03
   0.422980      0.368002E-03
   0.429425      0.373829E-03
   0.435871      0.374873E-03
   0.442316      0.378247E-03
   0.448757      0.378049E-03
   0.455194      0.382362E-03
   0.461628      0.380105E-03
   0.468062      0.389125E-03
   0.474500      0.393846E-03
   0.480946      0.397785E-03
   0.487402      0.409204E-03
   0.493867      0.412319E-03
   0.500338      0.416728E-03
   0.506812      0.414499E-03
   0.513282      0.417254E-03
   0.519747      0.413904E-03
   0.526206      0.412960E-03
   0.532663      0.412729E-03
   0.539120      0.411868E-03
   0.545581      0.412438E-03
   0.552048      0.410938E-03
   0.558521      0.409009E-03
   0.564997      0.408116E-03
   0.571469      0.404916E-03
   0.577933      0.400422E-03
   0.584386      0.394668E-03
   0.590830      0.391554E-03
   0.597268      0.389501E-03
   0.603706      0.389548E-03
   0.610152      0.393720E-03
   0.616608      0.398166E-03
   0.623074      0.401769E-03
   0.629547      0.407557E-03
   0.636019      0.410326E-03
   0.642484      0.414215E-03
   0.648936      0.422373E-03
   0.655377      0.438572E-03
   0.661807      0.485106E-03
   0.668232      0.548313E-03
   0.674657      0.637832E-03
   0.681085      0.768197E-03
   0.687518      0.936892E-03
   0.693955      0.112231E-02
   0.700395      0.132499E-02
   0.706835      0.152063E-02
   0.713273      0.171080E-02
   0.719707      0.188600E-02
   0.726135      0.203020E-02
   0.732557      0.216824E-02
   0.738971      0.227627E-02
   0.745378      0.237595E-02
   0.751779      0.245307E-02
   0.758178      0.251838E-02
   0.764574      0.257711E-02
   0.770971      0.261637E-02
   0.777366      0.265646E-02
   0.783761      0.268068E-02
   0.790152      0.270164E-02
   0.796540      0.271785E-02
   0.802923      0.272395E-02
   0.809300      0.272690E-02
   0.815670      0.273364E-02
   0.822031      0.272351E-02
   0.828381      0.272484E-02
   0.834719      0.271747E-02
   0.841042      0.270920E-02
   0.847354      0.270474E-02
   0.853658      0.270258E-02
   0.859964      0.270822E-02
   0.866275      0.270041E-02
   0.872589      0.270327E-02
   0.878891      0.269152E-02
   0.885165      0.267818E-02
   0.891402      0.266781E-02
   0.897609      0.266518E-02
   0.903803      0.266019E-02
   0.909997      0.267087E-02
   0.916178      0.267204E-02
   0.922316      0.266036E-02
   0.928388      0.265265E-02
   0.934396      0.266592E-02
   0.940363      0.268507E-02
   0.946288      0.271385E-02
   0.952128      0.272462E-02
   0.957826      0.275649E-02
   0.963376      0.278706E-02
   0.968804      0.287887E-02
   0.974070      0.293963E-02
   0.979055      0.297855E-02
   0.983722      0.315620E-02
   0.988163      0.360934E-02
   0.992455      0.393286E-02
   0.996556      0.464555E-02
    1.00000      0.382220E-02
    1.00010       0.00000    
    1.00349       0.00000    
    1.00720       0.00000    
    1.01123       0.00000    
    1.01563       0.00000    
    1.02042       0.00000    
    1.02563       0.00000    
    1.03131       0.00000    
    1.03749       0.00000    
    1.04421       0.00000    
    1.05153       0.00000    
    1.05949       0.00000    
    1.06815       0.00000    
    1.07758       0.00000    
    1.08783       0.00000    
    1.09898       0.00000    
    1.11111       0.00000    
    1.12430       0.00000    
    1.13864       0.00000    
    1.15424       0.00000    
    1.17121       0.00000    
    1.18965       0.00000    
    1.20971       0.00000    
    1.23151       0.00000    
    1.25522       0.00000    
    1.28099       0.00000    
    1.30901       0.00000    
    1.33946       0.00000    
    1.37257       0.00000    
    1.40856       0.00000    
    1.44767       0.00000    
    1.49019       0.00000    
    1.53640       0.00000    
    1.58662       0.00000    
    1.64120       0.00000    
    1.70052       0.00000    
    1.76499       0.00000    
    1.83504       0.00000    
    1.91117       0.00000    
    1.99390       0.00000    

