#  AH 79-100 C AIRFOIL                             
#  alpha =  -6.5000
#  Mach  =   0.0000
#  Reyn  = 10000000
#  Ncrit =  10.0000
#
#    x           cf
   0.112141E-01  0.242681E-03
   0.130431E-01  0.529711E-03
   0.150929E-01  0.657689E-03
   0.173740E-01  0.906167E-03
   0.198747E-01  0.962955E-03
   0.225833E-01  0.134988E-02
   0.254950E-01  0.114406E-02
   0.286323E-01  0.156212E-02
   0.320377E-01  0.123584E-02
   0.357389E-01  0.148446E-02
   0.397242E-01  0.136051E-02
   0.439327E-01  0.154137E-02
   0.483036E-01  0.149712E-02
   0.528078E-01  0.155120E-02
   0.574579E-01  0.143449E-02
   0.622680E-01  0.145427E-02
   0.672283E-01  0.147265E-02
   0.723005E-01  0.144664E-02
   0.774449E-01  0.146837E-02
   0.826450E-01  0.145750E-02
   0.879114E-01  0.140984E-02
   0.932669E-01  0.134310E-02
   0.987192E-01  0.132319E-02
   0.104252      0.132344E-02
   0.109827      0.134360E-02
   0.115414      0.134984E-02
   0.121005      0.134558E-02
   0.126615      0.128249E-02
   0.132275      0.127132E-02
   0.138006      0.113188E-02
   0.143811      0.116530E-02
   0.149674      0.114438E-02
   0.155566      0.112417E-02
   0.161466      0.118189E-02
   0.167368      0.116531E-02
   0.173277      0.111938E-02
   0.179209      0.110902E-02
   0.185175      0.104851E-02
   0.191177      0.107177E-02
   0.197209      0.101316E-02
   0.203259      0.102433E-02
   0.209314      0.105234E-02
   0.215372      0.101802E-02
   0.221435      0.996624E-03
   0.227512      0.978132E-03
   0.233613      0.964777E-03
   0.239744      0.936274E-03
   0.245903      0.900733E-03
   0.252081      0.919652E-03
   0.258265      0.913898E-03
   0.264444      0.916068E-03
   0.270615      0.918871E-03
   0.276780      0.922095E-03
   0.282948      0.882138E-03
   0.289131      0.867141E-03
   0.295335      0.846094E-03
   0.301564      0.830483E-03
   0.307813      0.797535E-03
   0.314073      0.816449E-03
   0.320335      0.811344E-03
   0.326592      0.813950E-03
   0.332841      0.812626E-03
   0.339084      0.807166E-03
   0.345328      0.790763E-03
   0.351579      0.779842E-03
   0.357842      0.763395E-03
   0.364118      0.744911E-03
   0.370406      0.748533E-03
   0.376701      0.725639E-03
   0.382999      0.733065E-03
   0.389297      0.723193E-03
   0.395592      0.727056E-03
   0.401885      0.709480E-03
   0.408176      0.721216E-03
   0.414468      0.698758E-03
   0.420762      0.698516E-03
   0.427059      0.704705E-03
   0.433358      0.666520E-03
   0.439659      0.680573E-03
   0.445960      0.677271E-03
   0.452262      0.663010E-03
   0.458562      0.667936E-03
   0.464860      0.652280E-03
   0.471156      0.652141E-03
   0.477449      0.642300E-03
   0.483738      0.648174E-03
   0.490024      0.631416E-03
   0.496305      0.625404E-03
   0.502584      0.626935E-03
   0.508859      0.615189E-03
   0.515132      0.599627E-03
   0.521401      0.600925E-03
   0.527668      0.589197E-03
   0.533931      0.574717E-03
   0.540189      0.566839E-03
   0.546442      0.550226E-03
   0.552692      0.539399E-03
   0.558938      0.530666E-03
   0.565183      0.516915E-03
   0.571429      0.494666E-03
   0.577679      0.476338E-03
   0.583933      0.462714E-03
   0.590192      0.443819E-03
   0.596454      0.426059E-03
   0.602714      0.417845E-03
   0.608970      0.405783E-03
   0.615219      0.394891E-03
   0.621460      0.386639E-03
   0.627696      0.372379E-03
   0.633928      0.358313E-03
   0.640161      0.333343E-03
   0.646397      0.325120E-03
   0.652639      0.297894E-03
   0.658885      0.286516E-03
   0.665135      0.269372E-03
   0.671386      0.258258E-03
   0.677636      0.242005E-03
   0.683883      0.229666E-03
   0.690128      0.218090E-03
   0.696370      0.209581E-03
   0.702610      0.193402E-03
   0.708848      0.189042E-03
   0.715084      0.174306E-03
   0.721319      0.167160E-03
   0.727554      0.156003E-03
   0.733787      0.149541E-03
   0.740018      0.145114E-03
   0.746245      0.144117E-03
   0.752468      0.142314E-03
   0.758683      0.147138E-03
   0.764888      0.163561E-03
   0.771085      0.191342E-03
   0.777275      0.901071E-03
   0.783460      0.211786E-02
   0.789643      0.327887E-02
   0.795826      0.402656E-02
   0.802007      0.439557E-02
   0.808181      0.457521E-02
   0.814343      0.462564E-02
   0.820489      0.463906E-02
   0.826619      0.457510E-02
   0.832734      0.453886E-02
   0.838839      0.443763E-02
   0.844937      0.439007E-02
   0.851025      0.427984E-02
   0.857100      0.423287E-02
   0.863157      0.415244E-02
   0.869192      0.409481E-02
   0.875205      0.402403E-02
   0.881201      0.395308E-02
   0.887183      0.390749E-02
   0.893144      0.382095E-02
   0.899070      0.380221E-02
   0.904939      0.375191E-02
   0.910737      0.370712E-02
   0.916463      0.366302E-02
   0.922126      0.359776E-02
   0.927732      0.349194E-02
   0.933273      0.340618E-02
   0.938727      0.328354E-02
   0.944083      0.316677E-02
   0.949351      0.296115E-02
   0.954563      0.272585E-02
   0.959741      0.243781E-02
   0.964867      0.217151E-02
   0.969889      0.188467E-02
   0.974757      0.155360E-02
   0.979450      0.123085E-02
   0.984006      0.986411E-03
   0.988454      0.829029E-03
   0.992727      0.678951E-03
   0.996702      0.463546E-03
    1.00000      0.329532E-03
    1.00010       0.00000    
    1.00349       0.00000    
    1.00719       0.00000    
    1.01121       0.00000    
    1.01559       0.00000    
    1.02037       0.00000    
    1.02556       0.00000    
    1.03121       0.00000    
    1.03736       0.00000    
    1.04405       0.00000    
    1.05133       0.00000    
    1.05925       0.00000    
    1.06787       0.00000    
    1.07724       0.00000    
    1.08743       0.00000    
    1.09851       0.00000    
    1.11056       0.00000    
    1.12367       0.00000    
    1.13792       0.00000    
    1.15341       0.00000    
    1.17026       0.00000    
    1.18857       0.00000    
    1.20848       0.00000    
    1.23013       0.00000    
    1.25366       0.00000    
    1.27924       0.00000    
    1.30705       0.00000    
    1.33728       0.00000    
    1.37014       0.00000    
    1.40585       0.00000    
    1.44467       0.00000    
    1.48686       0.00000    
    1.53271       0.00000    
    1.58254       0.00000    
    1.63670       0.00000    
    1.69557       0.00000    
    1.75953       0.00000    
    1.82905       0.00000    
    1.90459       0.00000    
    1.98669       0.00000    

   0.958315E-02  0.554209E-04
   0.812311E-02  0.409239E-03
   0.680345E-02  0.974467E-03
   0.560215E-02  0.120651E-02
   0.450349E-02  0.209564E-02
   0.349886E-02  0.307413E-02
   0.260614E-02  0.438781E-02
   0.184337E-02  0.620671E-02
   0.121802E-02  0.745002E-02
   0.731002E-03  0.104972E-01
   0.373660E-03  0.992592E-02
   0.134781E-03  0.150106E-01
   0.658553E-05  0.135809E-01
  -0.146601E-04  0.187351E-01
   0.725706E-04  0.188335E-01
   0.280294E-03  0.239750E-01
   0.629761E-03  0.241057E-01
   0.114995E-02  0.230664E-01
   0.186333E-02  0.914278E-02
   0.275478E-02 -0.683798E-03
   0.379466E-02 -0.123438E-02
   0.493931E-02 -0.922255E-03
   0.616582E-02  0.134337E-01
   0.748107E-02  0.240341E-01
   0.889719E-02  0.240700E-01
   0.104348E-01  0.209694E-01
   0.121186E-01  0.169447E-01
   0.139715E-01  0.135615E-01
   0.160155E-01  0.110485E-01
   0.182614E-01  0.985978E-02
   0.207095E-01  0.945556E-02
   0.233628E-01  0.949794E-02
   0.262286E-01  0.903811E-02
   0.293363E-01  0.838144E-02
   0.327394E-01  0.747126E-02
   0.364997E-01  0.657887E-02
   0.406484E-01  0.601575E-02
   0.451591E-01  0.566475E-02
   0.499797E-01  0.537004E-02
   0.550714E-01  0.507407E-02
   0.604272E-01  0.481292E-02
   0.660255E-01  0.459959E-02
   0.718113E-01  0.441781E-02
   0.777129E-01  0.430039E-02
   0.836839E-01  0.412150E-02
   0.897210E-01  0.397128E-02
   0.958393E-01  0.378155E-02
   0.102033      0.363488E-02
   0.108263      0.358307E-02
   0.114482      0.357058E-02
   0.120672      0.354126E-02
   0.126849      0.346730E-02
   0.133057      0.335022E-02
   0.139331      0.320619E-02
   0.145682      0.310807E-02
   0.152097      0.300478E-02
   0.158545      0.293598E-02
   0.165001      0.288633E-02
   0.171453      0.282120E-02
   0.177900      0.275958E-02
   0.184342      0.270210E-02
   0.190783      0.265499E-02
   0.197227      0.261826E-02
   0.203675      0.258263E-02
   0.210129      0.255100E-02
   0.216587      0.252213E-02
   0.223046      0.248819E-02
   0.229503      0.245560E-02
   0.235952      0.241189E-02
   0.242395      0.237906E-02
   0.248834      0.234357E-02
   0.255277      0.231157E-02
   0.261729      0.228921E-02
   0.268193      0.226557E-02
   0.274669      0.224083E-02
   0.281150      0.222398E-02
   0.287629      0.219176E-02
   0.294099      0.216664E-02
   0.300557      0.214108E-02
   0.307004      0.212109E-02
   0.313445      0.209550E-02
   0.319887      0.207940E-02
   0.326333      0.206065E-02
   0.332785      0.204770E-02
   0.339242      0.202750E-02
   0.345701      0.200873E-02
   0.352159      0.199257E-02
   0.358612      0.197432E-02
   0.365060      0.195510E-02
   0.371502      0.194290E-02
   0.377939      0.192403E-02
   0.384373      0.191116E-02
   0.390804      0.189629E-02
   0.397234      0.188460E-02
   0.403666      0.187149E-02
   0.410100      0.185887E-02
   0.416538      0.185308E-02
   0.422980      0.184052E-02
   0.429425      0.183030E-02
   0.435871      0.182062E-02
   0.442316      0.181292E-02
   0.448757      0.180003E-02
   0.455194      0.179426E-02
   0.461628      0.178015E-02
   0.468062      0.177711E-02
   0.474500      0.176993E-02
   0.480946      0.176281E-02
   0.487402      0.176026E-02
   0.493867      0.175242E-02
   0.500338      0.174834E-02
   0.506812      0.173713E-02
   0.513282      0.172991E-02
   0.519747      0.172311E-02
   0.526206      0.171267E-02
   0.532663      0.170510E-02
   0.539120      0.169659E-02
   0.545581      0.169025E-02
   0.552048      0.168334E-02
   0.558521      0.167428E-02
   0.564997      0.166596E-02
   0.571469      0.165843E-02
   0.577933      0.164561E-02
   0.584386      0.163730E-02
   0.590830      0.162600E-02
   0.597268      0.161849E-02
   0.603706      0.161030E-02
   0.610152      0.160286E-02
   0.616608      0.159837E-02
   0.623074      0.159118E-02
   0.629547      0.158441E-02
   0.636019      0.157372E-02
   0.642484      0.156472E-02
   0.648936      0.155101E-02
   0.655377      0.154410E-02
   0.661807      0.153283E-02
   0.668232      0.152491E-02
   0.674657      0.151698E-02
   0.681085      0.151012E-02
   0.687518      0.150249E-02
   0.693955      0.149595E-02
   0.700395      0.148794E-02
   0.706835      0.147886E-02
   0.713273      0.147111E-02
   0.719707      0.146422E-02
   0.726135      0.145342E-02
   0.732557      0.144479E-02
   0.738971      0.143611E-02
   0.745378      0.142952E-02
   0.751779      0.141825E-02
   0.758178      0.141174E-02
   0.764574      0.140328E-02
   0.770971      0.139722E-02
   0.777366      0.138928E-02
   0.783761      0.138317E-02
   0.790152      0.137646E-02
   0.796540      0.136671E-02
   0.802923      0.135991E-02
   0.809300      0.135354E-02
   0.815670      0.134313E-02
   0.822031      0.133716E-02
   0.828381      0.132863E-02
   0.834719      0.131948E-02
   0.841042      0.131443E-02
   0.847354      0.130546E-02
   0.853658      0.130324E-02
   0.859964      0.129697E-02
   0.866275      0.129249E-02
   0.872589      0.128746E-02
   0.878891      0.128158E-02
   0.885165      0.127408E-02
   0.891402      0.126517E-02
   0.897609      0.126161E-02
   0.903803      0.125882E-02
   0.909997      0.125492E-02
   0.916178      0.125340E-02
   0.922316      0.124740E-02
   0.928388      0.124109E-02
   0.934396      0.124218E-02
   0.940363      0.124497E-02
   0.946288      0.124660E-02
   0.952128      0.125093E-02
   0.957826      0.125421E-02
   0.963376      0.126335E-02
   0.968804      0.128198E-02
   0.974070      0.129805E-02
   0.979055      0.130986E-02
   0.983722      0.135081E-02
   0.988163      0.144243E-02
   0.992455      0.150140E-02
   0.996556      0.158551E-02
    1.00000      0.146550E-02
    1.00010       0.00000    
    1.00349       0.00000    
    1.00719       0.00000    
    1.01121       0.00000    
    1.01559       0.00000    
    1.02037       0.00000    
    1.02556       0.00000    
    1.03121       0.00000    
    1.03736       0.00000    
    1.04405       0.00000    
    1.05133       0.00000    
    1.05925       0.00000    
    1.06787       0.00000    
    1.07724       0.00000    
    1.08743       0.00000    
    1.09851       0.00000    
    1.11056       0.00000    
    1.12367       0.00000    
    1.13792       0.00000    
    1.15341       0.00000    
    1.17026       0.00000    
    1.18857       0.00000    
    1.20848       0.00000    
    1.23013       0.00000    
    1.25366       0.00000    
    1.27924       0.00000    
    1.30705       0.00000    
    1.33728       0.00000    
    1.37014       0.00000    
    1.40585       0.00000    
    1.44467       0.00000    
    1.48686       0.00000    
    1.53271       0.00000    
    1.58254       0.00000    
    1.63670       0.00000    
    1.69557       0.00000    
    1.75953       0.00000    
    1.82905       0.00000    
    1.90459       0.00000    
    1.98669       0.00000    

