AH 79-100 C AIRFOIL
    1.000000       0.000000    
   0.9971179      0.1169448E-02
   0.9936299      0.2823380E-02
   0.9897934      0.4570333E-02
   0.9857053      0.6440202E-02
   0.9814560      0.8453987E-02
   0.9770417      0.1062646E-01
   0.9724063      0.1290882E-01
   0.9675380      0.1523624E-01
   0.9624888      0.1757912E-01
   0.9573362      0.1990626E-01
   0.9521382      0.2217858E-01
   0.9468958      0.2437690E-01
   0.9415608      0.2651269E-01
   0.9360924      0.2861120E-01
   0.9304858      0.3068490E-01
   0.9247692      0.3272964E-01
   0.9189656      0.3473817E-01
   0.9130745      0.3671187E-01
   0.9070764      0.3866149E-01
   0.9009611      0.4059839E-01
   0.8947421      0.4252738E-01
   0.8884553      0.4444318E-01
   0.8821329      0.4633520E-01
   0.8757895      0.4819795E-01
   0.8694219      0.5003193E-01
   0.8630214      0.5184105E-01
   0.8565860      0.5362768E-01
   0.8501219      0.5539201E-01
   0.8436399      0.5713174E-01
   0.8371470      0.5884465E-01
   0.8306435      0.6053030E-01
   0.8241231      0.6219010E-01
   0.8175785      0.6382727E-01
   0.8110072      0.6544428E-01
   0.8044131      0.6704205E-01
   0.7978059      0.6861970E-01
   0.7911956      0.7017432E-01
   0.7845871      0.7170375E-01
   0.7779802      0.7320712E-01
   0.7713694      0.7468492E-01
   0.7647486      0.7613909E-01
   0.7581143      0.7757115E-01
   0.7514665      0.7898195E-01
   0.7448081      0.8037154E-01
   0.7381436      0.8173899E-01
   0.7314768      0.8308324E-01
   0.7248098      0.8440355E-01
   0.7181438      0.8569946E-01
   0.7114787      0.8697070E-01
   0.7048140      0.8821710E-01
   0.6981489      0.8943848E-01
   0.6914826      0.9063470E-01
   0.6848140      0.9180565E-01
   0.6781429      0.9295121E-01
   0.6714701      0.9407102E-01
   0.6647983      0.9516452E-01
   0.6581313      0.9623094E-01
   0.6514738      0.9726896E-01
   0.6448282      0.9827700E-01
   0.6381940      0.9925393E-01
   0.6315677      0.1001991    
   0.6249428      0.1011122    
   0.6183120      0.1019943    
   0.6116708      0.1028467    
   0.6050186      0.1036703    
   0.5983581      0.1044655    
   0.5916958      0.1052320    
   0.5850387      0.1059683    
   0.5783911      0.1066730    
   0.5717544      0.1073446    
   0.5651265      0.1079825    
   0.5585030      0.1085862    
   0.5518788      0.1091564    
   0.5452503      0.1096935    
   0.5386152      0.1101980    
   0.5319730      0.1106701    
   0.5253246      0.1111099    
   0.5186711      0.1115176    
   0.5120131      0.1118932    
   0.5053510      0.1122370    
   0.4986845      0.1125491    
   0.4920129      0.1128297    
   0.4853354      0.1130792    
   0.4786519      0.1132980    
   0.4719625      0.1134865    
   0.4652677      0.1136449    
   0.4585685      0.1137736    
   0.4518660      0.1138724    
   0.4451618      0.1139415    
   0.4384575      0.1139809    
   0.4317551      0.1139907    
   0.4250565      0.1139707    
   0.4183626      0.1139208    
   0.4116729      0.1138407    
   0.4049855      0.1137300    
   0.3982971      0.1135885    
   0.3916043      0.1134161    
   0.3849062      0.1132132    
   0.3782053      0.1129804    
   0.3715074      0.1127182    
   0.3648212      0.1124273    
   0.3581550      0.1121070    
   0.3515116      0.1117559    
   0.3448880      0.1113723    
   0.3382755      0.1109541    
   0.3316607      0.1104996    
   0.3250331      0.1100094    
   0.3183903      0.1094848    
   0.3117392      0.1089280    
   0.3050955      0.1083419    
   0.2984795      0.1077276    
   0.2919032      0.1070829    
   0.2853669      0.1064051    
   0.2788600      0.1056900    
   0.2723626      0.1049332    
   0.2658551      0.1041341    
   0.2593298      0.1032939    
   0.2527917      0.1024155    
   0.2462588      0.1015038    
   0.2397564      0.1005613    
   0.2333003      0.9958678E-01
   0.2268924      0.9857703E-01
   0.2205218      0.9752705E-01
   0.2141684      0.9643175E-01
   0.2078170      0.9528974E-01
   0.2014653      0.9410205E-01
   0.1951244      0.9287232E-01
   0.1888173      0.9160557E-01
   0.1825634      0.9030257E-01
   0.1763659      0.8896043E-01
   0.1702120      0.8757284E-01
   0.1640759      0.8613142E-01
   0.1579368      0.8463323E-01
   0.1517973      0.8308191E-01
   0.1456856      0.8148804E-01
   0.1396503      0.7986494E-01
   0.1337270      0.7821392E-01
   0.1279147      0.7652609E-01
   0.1221817      0.7478397E-01
   0.1164772      0.7296946E-01
   0.1107687      0.7107858E-01
   0.1050629      0.6912057E-01
   0.9940676E-01  0.6711831E-01
   0.9386204E-01  0.6508929E-01
   0.8845496E-01  0.6303319E-01
   0.8317250E-01  0.6093656E-01
   0.7797745E-01  0.5878060E-01
   0.7284959E-01  0.5656206E-01
   0.6780937E-01  0.5429618E-01
   0.6291046E-01  0.5201309E-01
   0.5820471E-01  0.4973246E-01
   0.5370203E-01  0.4745291E-01
   0.4938014E-01  0.4515945E-01
   0.4521236E-01  0.4284454E-01
   0.4121714E-01  0.4053473E-01
   0.3745216E-01  0.3828133E-01
   0.3397840E-01  0.3612967E-01
   0.3081342E-01  0.3407990E-01
   0.2792779E-01  0.3210866E-01
   0.2527789E-01  0.3018777E-01
   0.2282103E-01  0.2830577E-01
   0.2053657E-01  0.2647927E-01
   0.1842295E-01  0.2473461E-01
   0.1648225E-01  0.2309592E-01
   0.1471610E-01  0.2157145E-01
   0.1312007E-01  0.2014840E-01
   0.1167902E-01  0.1880943E-01
   0.1037491E-01  0.1753834E-01
   0.9190637E-02  0.1632137E-01
   0.8108779E-02  0.1515014E-01
   0.7113104E-02  0.1402288E-01
   0.6191971E-02  0.1293984E-01
   0.5336609E-02  0.1190169E-01
   0.4539954E-02  0.1090893E-01
   0.3796926E-02  0.9961101E-02
   0.3112661E-02  0.9052166E-02
   0.2495036E-02  0.8173485E-02
   0.1948045E-02  0.7317651E-02
   0.1473169E-02  0.6478482E-02
   0.1070376E-02  0.5650844E-02
   0.7380637E-03  0.4831635E-02
   0.4715586E-03  0.4022170E-02
   0.2660696E-03  0.3223290E-02
   0.1177539E-03  0.2434576E-02
   0.2383910E-04  0.1654758E-02
  -0.1731632E-04  0.8819492E-03
  -0.6148553E-05  0.1137248E-03
   0.5854257E-04 -0.6520812E-03
   0.1812850E-03 -0.1412728E-02
   0.3689363E-03 -0.2162636E-02
   0.6301759E-03 -0.2894794E-02
   0.9757816E-03 -0.3600269E-02
   0.1417341E-02 -0.4269095E-02
   0.1954987E-02 -0.4901385E-02
   0.2581666E-02 -0.5502985E-02
   0.3288020E-02 -0.6080185E-02
   0.4060923E-02 -0.6639980E-02
   0.4883396E-02 -0.7189409E-02
   0.5749872E-02 -0.7727628E-02
   0.6663287E-02 -0.8248877E-02
   0.7627733E-02 -0.8746942E-02
   0.8649084E-02 -0.9215205E-02
   0.9736104E-02 -0.9646495E-02
   0.1090053E-01 -0.1003560E-01
   0.1215366E-01 -0.1038508E-01
   0.1350787E-01 -0.1069985E-01
   0.1497654E-01 -0.1098677E-01
   0.1657196E-01 -0.1125612E-01
   0.1830087E-01 -0.1152203E-01
   0.2016843E-01 -0.1178668E-01
   0.2218090E-01 -0.1204208E-01
   0.2434526E-01 -0.1227779E-01
   0.2667535E-01 -0.1248104E-01
   0.2920205E-01 -0.1263962E-01
   0.3197282E-01 -0.1275090E-01
   0.3504559E-01 -0.1281609E-01
   0.3847897E-01 -0.1284128E-01
   0.4230470E-01 -0.1283518E-01
   0.4651442E-01 -0.1279176E-01
   0.5107842E-01 -0.1270202E-01
   0.5598662E-01 -0.1255811E-01
   0.6125568E-01 -0.1235790E-01
   0.6687354E-01 -0.1210555E-01
   0.7276765E-01 -0.1180975E-01
   0.7883437E-01 -0.1146997E-01
   0.8501219E-01 -0.1108071E-01
   0.9131038E-01 -0.1063877E-01
   0.9775287E-01 -0.1015906E-01
   0.1043132     -0.9666017E-02
   0.1109058     -0.9178617E-02
   0.1174574     -0.8683980E-02
   0.1239653     -0.8159676E-02
   0.1304925     -0.7584356E-02
   0.1371193     -0.6960526E-02
   0.1438883     -0.6301236E-02
   0.1507890     -0.5625657E-02
   0.1577643     -0.4945912E-02
   0.1647618     -0.4264284E-02
   0.1717527     -0.3580463E-02
   0.1787320     -0.2893932E-02
   0.1857046     -0.2207814E-02
   0.1926764     -0.1525759E-02
   0.1996532     -0.8511370E-03
   0.2066396     -0.1830447E-03
   0.2136362      0.4826423E-03
   0.2206385      0.1149739E-02
   0.2276380      0.1820965E-02
   0.2346260      0.2493595E-02
   0.2416008      0.3162949E-02
   0.2485677      0.3825083E-02
   0.2555392      0.4477283E-02
   0.2625287      0.5121159E-02
   0.2695418      0.5759538E-02
   0.2765747      0.6394435E-02
   0.2836143      0.7026808E-02
   0.2906431      0.7654496E-02
   0.2976507      0.8274235E-02
   0.3046352      0.8883581E-02
   0.3116037      0.9480905E-02
   0.3185685      0.1006649E-01
   0.3255398      0.1064213E-01
   0.3325220      0.1120919E-01
   0.3395141      0.1176861E-01
   0.3465097      0.1232052E-01
   0.3535012      0.1286369E-01
   0.3604833      0.1339678E-01
   0.3674536      0.1391874E-01
   0.3744126      0.1442869E-01
   0.3813624      0.1492624E-01
   0.3883060      0.1541122E-01
   0.3952468      0.1588350E-01
   0.4021880      0.1634291E-01
   0.4091331      0.1678944E-01
   0.4160849      0.1722362E-01
   0.4230437      0.1764601E-01
   0.4300077      0.1805705E-01
   0.4369730      0.1845706E-01
   0.4439339      0.1884578E-01
   0.4508869      0.1922233E-01
   0.4578321      0.1958593E-01
   0.4647735      0.1993603E-01
   0.4717183      0.2027229E-01
   0.4786754      0.2059573E-01
   0.4856499      0.2090807E-01
   0.4926424      0.2121085E-01
   0.4996482      0.2150541E-01
   0.5066581      0.2179257E-01
   0.5136626      0.2207140E-01
   0.5206566      0.2234069E-01
   0.5276404      0.2259945E-01
   0.5346189      0.2284687E-01
   0.5416008      0.2308292E-01
   0.5485929      0.2330869E-01
   0.5555966      0.2352520E-01
   0.5626079      0.2373331E-01
   0.5696171      0.2393366E-01
   0.5766127      0.2412523E-01
   0.5835884      0.2430607E-01
   0.5905448      0.2447443E-01
   0.5974893      0.2462872E-01
   0.6044354      0.2476804E-01
   0.6113958      0.2489394E-01
   0.6183765      0.2500838E-01
   0.6253755      0.2511325E-01
   0.6323826      0.2521030E-01
   0.6393820      0.2529942E-01
   0.6463618      0.2537837E-01
   0.6533174      0.2544493E-01
   0.6602515      0.2549705E-01
   0.6671731      0.2553307E-01
   0.6740931      0.2555329E-01
   0.6810188      0.2555848E-01
   0.6879535      0.2554940E-01
   0.6948964      0.2552674E-01
   0.7018434      0.2549080E-01
   0.7087900      0.2544143E-01
   0.7157317      0.2537852E-01
   0.7226648      0.2530198E-01
   0.7295858      0.2521141E-01
   0.7364930      0.2510572E-01
   0.7433864      0.2498373E-01
   0.7502686      0.2484421E-01
   0.7571436      0.2468616E-01
   0.7640156      0.2450951E-01
   0.7708868      0.2431441E-01
   0.7777574      0.2410106E-01
   0.7846257      0.2386961E-01
   0.7914893      0.2361992E-01
   0.7983455      0.2335177E-01
   0.8051922      0.2306497E-01
   0.8120274      0.2275910E-01
   0.8188485      0.2243310E-01
   0.8256522      0.2208591E-01
   0.8324346      0.2171655E-01
   0.8391921      0.2132391E-01
   0.8459264      0.2090641E-01
   0.8526463      0.2046198E-01
   0.8593668      0.1998843E-01
   0.8660990      0.1948644E-01
   0.8728368      0.1895900E-01
   0.8795538      0.1841058E-01
   0.8862164      0.1784156E-01
   0.8928141      0.1724635E-01
   0.8993660      0.1661697E-01
   0.9059072      0.1594862E-01
   0.9124457      0.1524515E-01
   0.9189448      0.1451538E-01
   0.9253463      0.1376278E-01
   0.9316320      0.1297899E-01
   0.9378330      0.1215168E-01
   0.9439771      0.1128061E-01
   0.9500178      0.1038137E-01
   0.9558587      0.9468501E-02
   0.9614660      0.8532472E-02
   0.9668854      0.7557714E-02
   0.9721126      0.6564140E-02
   0.9770154      0.5594949E-02
   0.9815072      0.4624374E-02
   0.9856708      0.3592393E-02
   0.9896323      0.2546640E-02
   0.9934294      0.1576828E-02
   0.9970022      0.6142703E-03
    1.000000       0.000000    
