   9.9963836e-01  -1.2069857e-03
   9.9859707e-01  -1.0415189e-03
   9.9755685e-01  -8.7694140e-04
   9.9651686e-01  -7.1300403e-04
   9.9547711e-01  -5.4970686e-04
   9.9443760e-01  -3.8704997e-04
   9.9339831e-01  -2.2503346e-04
   9.9235927e-01  -6.3657414e-05
   9.9132045e-01   9.7078078e-05
   9.9028187e-01   2.5717293e-04
   9.8924353e-01   4.1662706e-04
   9.8820541e-01   5.7544039e-04
   9.8716753e-01   7.3361283e-04
   9.8612989e-01   8.9114431e-04
   9.8509247e-01   1.0480347e-03
   9.8405529e-01   1.2042841e-03
   9.8301834e-01   1.3598922e-03
   9.8198162e-01   1.5148590e-03
   9.8094513e-01   1.6691845e-03
   9.7990887e-01   1.8228686e-03
   9.7887284e-01   1.9759112e-03
   9.7783704e-01   2.1283122e-03
   9.7680148e-01   2.2800716e-03
   9.7576614e-01   2.4311893e-03
   9.7473103e-01   2.5816653e-03
   9.7369615e-01   2.7314994e-03
   9.7266150e-01   2.8806917e-03
   9.7162708e-01   3.0292420e-03
   9.7059289e-01   3.1771503e-03
   9.6955893e-01   3.3244165e-03
   9.6852519e-01   3.4710407e-03
   9.6749169e-01   3.6170226e-03
   9.6645840e-01   3.7623624e-03
   9.6542535e-01   3.9070598e-03
   9.6439253e-01   4.0511149e-03
   9.6335993e-01   4.1945277e-03
   9.6232755e-01   4.3372980e-03
   9.6129541e-01   4.4794258e-03
   9.6026349e-01   4.6209111e-03
   9.5923179e-01   4.7617538e-03
   9.5820032e-01   4.9019540e-03
   9.5716908e-01   5.0415114e-03
   9.5613806e-01   5.1804262e-03
   9.5510726e-01   5.3186983e-03
   9.5407669e-01   5.4563276e-03
   9.5304634e-01   5.5933140e-03
   9.5201622e-01   5.7296577e-03
   9.5098632e-01   5.8653584e-03
   9.4995665e-01   6.0004163e-03
   9.4892720e-01   6.1348312e-03
   9.4789797e-01   6.2686032e-03
   9.4686896e-01   6.4017322e-03
   9.4584017e-01   6.5342181e-03
   9.4481161e-01   6.6660610e-03
   9.4378327e-01   6.7972609e-03
   9.4275515e-01   6.9278177e-03
   9.4172726e-01   7.0577313e-03
   9.4069958e-01   7.1870018e-03
   9.3967212e-01   7.3156292e-03
   9.3864489e-01   7.4436134e-03
   9.3761787e-01   7.5709545e-03
   9.3659108e-01   7.6976523e-03
   9.3556451e-01   7.8237070e-03
   9.3453815e-01   7.9491184e-03
   9.3351202e-01   8.0738866e-03
   9.3248610e-01   8.1980116e-03
   9.3146040e-01   8.3214934e-03
   9.3043492e-01   8.4443319e-03
   9.2940966e-01   8.5665272e-03
   9.2838462e-01   8.6880792e-03
   9.2735980e-01   8.8089880e-03
   9.2633519e-01   8.9292535e-03
   9.2531080e-01   9.0488758e-03
   9.2428663e-01   9.1678549e-03
   9.2326267e-01   9.2861907e-03
   9.2223894e-01   9.4038833e-03
   9.2121541e-01   9.5209326e-03
   9.2019211e-01   9.6373388e-03
   9.1916902e-01   9.7531018e-03
   9.1814614e-01   9.8682215e-03
   9.1712349e-01   9.9826981e-03
   9.1610104e-01   1.0096532e-02
   9.1507882e-01   1.0209722e-02
   9.1405680e-01   1.0322269e-02
   9.1303500e-01   1.0434173e-02
   9.1201342e-01   1.0545434e-02
   9.1099205e-01   1.0656052e-02
   9.0997089e-01   1.0766027e-02
   9.0894995e-01   1.0875359e-02
   9.0792922e-01   1.0984048e-02
   9.0690870e-01   1.1092094e-02
   9.0588840e-01   1.1199497e-02
   9.0486831e-01   1.1306257e-02
   9.0384843e-01   1.1412374e-02
   9.0282876e-01   1.1517849e-02
   9.0180931e-01   1.1622680e-02
   9.0079007e-01   1.1726869e-02
   8.9977104e-01   1.1830415e-02
   8.9875222e-01   1.1933319e-02
   8.9773361e-01   1.2035580e-02
   8.9671521e-01   1.2137198e-02
   8.9569702e-01   1.2238174e-02
   8.9467904e-01   1.2338507e-02
   8.9366128e-01   1.2438198e-02
   8.9264372e-01   1.2537246e-02
   8.9162637e-01   1.2635653e-02
   8.9060923e-01   1.2733416e-02
   8.8959230e-01   1.2830538e-02
   8.8857558e-01   1.2927017e-02
   8.8755907e-01   1.3022854e-02
   8.8654276e-01   1.3118049e-02
   8.8552667e-01   1.3212603e-02
   8.8451078e-01   1.3306514e-02
   8.8349510e-01   1.3399783e-02
   8.8247963e-01   1.3492410e-02
   8.8146436e-01   1.3584396e-02
   8.8044931e-01   1.3675740e-02
   8.7943445e-01   1.3766442e-02
   8.7841981e-01   1.3856503e-02
   8.7740537e-01   1.3945922e-02
   8.7639114e-01   1.4034700e-02
   8.7537711e-01   1.4122837e-02
   8.7436329e-01   1.4210332e-02
   8.7334967e-01   1.4297186e-02
   8.7233626e-01   1.4383399e-02
   8.7132306e-01   1.4468971e-02
   8.7031006e-01   1.4553902e-02
   8.6929726e-01   1.4638192e-02
   8.6828467e-01   1.4721841e-02
   8.6727228e-01   1.4804850e-02
   8.6626010e-01   1.4887218e-02
   8.6524811e-01   1.4968946e-02
   8.6423634e-01   1.5050033e-02
   8.6322476e-01   1.5130480e-02
   8.6221339e-01   1.5210286e-02
   8.6120222e-01   1.5289452e-02
   8.6019125e-01   1.5367979e-02
   8.5918049e-01   1.5445865e-02
   8.5816993e-01   1.5523112e-02
   8.5715957e-01   1.5599719e-02
   8.5614941e-01   1.5675686e-02
   8.5513945e-01   1.5751013e-02
   8.5412969e-01   1.5825702e-02
   8.5312013e-01   1.5899751e-02
   8.5211078e-01   1.5973160e-02
   8.5110162e-01   1.6045931e-02
   8.5009266e-01   1.6118062e-02
   8.4908391e-01   1.6189555e-02
   8.4807535e-01   1.6260409e-02
   8.4706699e-01   1.6330624e-02
   8.4605884e-01   1.6400201e-02
   8.4505088e-01   1.6469139e-02
   8.4404312e-01   1.6537439e-02
   8.4303555e-01   1.6605101e-02
   8.4202819e-01   1.6672125e-02
   8.4102102e-01   1.6738511e-02
   8.4001406e-01   1.6804259e-02
   8.3900729e-01   1.6869370e-02
   8.3800071e-01   1.6933843e-02
   8.3699434e-01   1.6997678e-02
   8.3598816e-01   1.7060877e-02
   8.3498217e-01   1.7123438e-02
   8.3397639e-01   1.7185362e-02
   8.3297080e-01   1.7246649e-02
   8.3196540e-01   1.7307300e-02
   8.3096020e-01   1.7367314e-02
   8.2995520e-01   1.7426692e-02
   8.2895039e-01   1.7485433e-02
   8.2794578e-01   1.7543538e-02
   8.2694136e-01   1.7601008e-02
   8.2593713e-01   1.7657841e-02
   8.2493310e-01   1.7714039e-02
   8.2392926e-01   1.7769601e-02
   8.2292562e-01   1.7824528e-02
   8.2192217e-01   1.7878819e-02
   8.2091892e-01   1.7932476e-02
   8.1991585e-01   1.7985497e-02
   8.1891298e-01   1.8037884e-02
   8.1791031e-01   1.8089636e-02
   8.1690782e-01   1.8140754e-02
   8.1590553e-01   1.8191238e-02
   8.1490343e-01   1.8241087e-02
   8.1390152e-01   1.8290302e-02
   8.1289980e-01   1.8338884e-02
   8.1189827e-01   1.8386832e-02
   8.1089694e-01   1.8434147e-02
   8.0989579e-01   1.8480829e-02
   8.0889484e-01   1.8526877e-02
   8.0789407e-01   1.8572292e-02
   8.0689350e-01   1.8617075e-02
   8.0589311e-01   1.8661226e-02
   8.0489292e-01   1.8704743e-02
   8.0389291e-01   1.8747629e-02
   8.0289310e-01   1.8789883e-02
   8.0189347e-01   1.8831505e-02
   8.0089403e-01   1.8872495e-02
   7.9989478e-01   1.8912854e-02
   7.9889571e-01   1.8952582e-02
   7.9789684e-01   1.8991678e-02
   7.9689815e-01   1.9030144e-02
   7.9589965e-01   1.9067979e-02
   7.9490133e-01   1.9105184e-02
   7.9390321e-01   1.9141759e-02
   7.9290527e-01   1.9177703e-02
   7.9190751e-01   1.9213018e-02
   7.9090994e-01   1.9247703e-02
   7.8991256e-01   1.9281758e-02
   7.8891537e-01   1.9315184e-02
   7.8791835e-01   1.9347981e-02
   7.8692153e-01   1.9380150e-02
   7.8592489e-01   1.9411690e-02
   7.8492843e-01   1.9442601e-02
   7.8393216e-01   1.9472884e-02
   7.8293607e-01   1.9502540e-02
   7.8194017e-01   1.9531567e-02
   7.8094445e-01   1.9559967e-02
   7.7994891e-01   1.9587740e-02
   7.7895355e-01   1.9614885e-02
   7.7795838e-01   1.9641404e-02
   7.7696340e-01   1.9667296e-02
   7.7596859e-01   1.9692562e-02
   7.7497397e-01   1.9717201e-02
   7.7397952e-01   1.9741215e-02
   7.7298526e-01   1.9764603e-02
   7.7199118e-01   1.9787365e-02
   7.7099729e-01   1.9809503e-02
   7.7000357e-01   1.9831015e-02
   7.6901003e-01   1.9851902e-02
   7.6801668e-01   1.9872165e-02
   7.6702350e-01   1.9891804e-02
   7.6603050e-01   1.9910818e-02
   7.6503769e-01   1.9929209e-02
   7.6404505e-01   1.9946976e-02
   7.6305259e-01   1.9964120e-02
   7.6206031e-01   1.9980641e-02
   7.6106821e-01   1.9996539e-02
   7.6007629e-01   2.0011814e-02
   7.5908455e-01   2.0026467e-02
   7.5809298e-01   2.0040498e-02
   7.5710159e-01   2.0053908e-02
   7.5611038e-01   2.0066696e-02
   7.5511935e-01   2.0078862e-02
   7.5412849e-01   2.0090408e-02
   7.5313781e-01   2.0101332e-02
   7.5214730e-01   2.0111637e-02
   7.5115697e-01   2.0121321e-02
   7.5016682e-01   2.0130385e-02
   7.4917684e-01   2.0138830e-02
   7.4818704e-01   2.0146655e-02
   7.4719741e-01   2.0153861e-02
   7.4620796e-01   2.0160448e-02
   7.4521868e-01   2.0166416e-02
   7.4422957e-01   2.0171767e-02
   7.4324064e-01   2.0176499e-02
   7.4225188e-01   2.0180613e-02
   7.4126330e-01   2.0184111e-02
   7.4027489e-01   2.0186990e-02
   7.3928665e-01   2.0189253e-02
   7.3829858e-01   2.0190900e-02
   7.3731069e-01   2.0191930e-02
   7.3632297e-01   2.0192344e-02
   7.3533542e-01   2.0192143e-02
   7.3434804e-01   2.0191326e-02
   7.3336083e-01   2.0189893e-02
   7.3237379e-01   2.0187846e-02
   7.3138693e-01   2.0185185e-02
   7.3040023e-01   2.0181909e-02
   7.2941370e-01   2.0178020e-02
   7.2842735e-01   2.0173516e-02
   7.2744116e-01   2.0168400e-02
   7.2645514e-01   2.0162670e-02
   7.2546929e-01   2.0156328e-02
   7.2448361e-01   2.0149373e-02
   7.2349810e-01   2.0141806e-02
   7.2251275e-01   2.0133628e-02
   7.2152758e-01   2.0124837e-02
   7.2054257e-01   2.0115436e-02
   7.1955773e-01   2.0105424e-02
   7.1857305e-01   2.0094802e-02
   7.1758854e-01   2.0083569e-02
   7.1660420e-01   2.0071727e-02
   7.1562002e-01   2.0059275e-02
   7.1463601e-01   2.0046213e-02
   7.1365217e-01   2.0032543e-02
   7.1266849e-01   2.0018264e-02
   7.1168497e-01   2.0003378e-02
   7.1070162e-01   1.9987883e-02
   7.0971844e-01   1.9971781e-02
   7.0873541e-01   1.9955071e-02
   7.0775255e-01   1.9937755e-02
   7.0676986e-01   1.9919832e-02
   7.0578733e-01   1.9901303e-02
   7.0480496e-01   1.9882168e-02
   7.0382275e-01   1.9862427e-02
   7.0284070e-01   1.9842081e-02
   7.0185882e-01   1.9821131e-02
   7.0087710e-01   1.9799576e-02
   6.9989554e-01   1.9777417e-02
   6.9891414e-01   1.9754654e-02
   6.9793290e-01   1.9731288e-02
   6.9695182e-01   1.9707319e-02
   6.9597090e-01   1.9682747e-02
   6.9499014e-01   1.9657573e-02
   6.9400954e-01   1.9631796e-02
   6.9302910e-01   1.9605419e-02
   6.9204882e-01   1.9578439e-02
   6.9106870e-01   1.9550860e-02
   6.9008873e-01   1.9522679e-02
   6.8910893e-01   1.9493898e-02
   6.8812928e-01   1.9464518e-02
   6.8714978e-01   1.9434538e-02
   6.8617045e-01   1.9403959e-02
   6.8519127e-01   1.9372782e-02
   6.8421225e-01   1.9341006e-02
   6.8323338e-01   1.9308632e-02
   6.8225467e-01   1.9275661e-02
   6.8127611e-01   1.9242093e-02
   6.8029771e-01   1.9207928e-02
   6.7931947e-01   1.9173166e-02
   6.7834137e-01   1.9137809e-02
   6.7736344e-01   1.9101856e-02
   6.7638565e-01   1.9065308e-02
   6.7540802e-01   1.9028165e-02
   6.7443054e-01   1.8990427e-02
   6.7345322e-01   1.8952096e-02
   6.7247604e-01   1.8913171e-02
   6.7149902e-01   1.8873653e-02
   6.7052215e-01   1.8833541e-02
   6.6954543e-01   1.8792838e-02
   6.6856887e-01   1.8751542e-02
   6.6759245e-01   1.8709655e-02
   6.6661618e-01   1.8667177e-02
   6.6564007e-01   1.8624107e-02
   6.6466410e-01   1.8580448e-02
   6.6368828e-01   1.8536198e-02
   6.6271261e-01   1.8491359e-02
   6.6173709e-01   1.8445931e-02
   6.6076172e-01   1.8399914e-02
   6.5978650e-01   1.8353309e-02
   6.5881142e-01   1.8306115e-02
   6.5783649e-01   1.8258335e-02
   6.5686171e-01   1.8209967e-02
   6.5588708e-01   1.8161012e-02
   6.5491259e-01   1.8111472e-02
   6.5393824e-01   1.8061346e-02
   6.5296404e-01   1.8010634e-02
   6.5198999e-01   1.7959337e-02
   6.5101608e-01   1.7907456e-02
   6.5004232e-01   1.7854991e-02
   6.4906870e-01   1.7801942e-02
   6.4809522e-01   1.7748311e-02
   6.4712189e-01   1.7694096e-02
   6.4614870e-01   1.7639299e-02
   6.4517565e-01   1.7583920e-02
   6.4420275e-01   1.7527960e-02
   6.4322998e-01   1.7471419e-02
   6.4225736e-01   1.7414298e-02
   6.4128488e-01   1.7356596e-02
   6.4031254e-01   1.7298315e-02
   6.3934034e-01   1.7239454e-02
   6.3836828e-01   1.7180015e-02
   6.3739636e-01   1.7119998e-02
   6.3642458e-01   1.7059403e-02
   6.3545293e-01   1.6998231e-02
   6.3448143e-01   1.6936482e-02
   6.3351006e-01   1.6874156e-02
   6.3253884e-01   1.6811254e-02
   6.3156774e-01   1.6747777e-02
   6.3059679e-01   1.6683726e-02
   6.2962597e-01   1.6619099e-02
   6.2865529e-01   1.6553899e-02
   6.2768475e-01   1.6488124e-02
   6.2671434e-01   1.6421777e-02
   6.2574406e-01   1.6354858e-02
   6.2477392e-01   1.6287366e-02
   6.2380391e-01   1.6219302e-02
   6.2283404e-01   1.6150667e-02
   6.2186430e-01   1.6081462e-02
   6.2089469e-01   1.6011686e-02
   6.1992522e-01   1.5941341e-02
   6.1895588e-01   1.5870426e-02
   6.1798667e-01   1.5798943e-02
   6.1701759e-01   1.5726892e-02
   6.1604864e-01   1.5654272e-02
   6.1507983e-01   1.5581086e-02
   6.1411114e-01   1.5507333e-02
   6.1314258e-01   1.5433013e-02
   6.1217415e-01   1.5358128e-02
   6.1120585e-01   1.5282677e-02
   6.1023768e-01   1.5206662e-02
   6.0926964e-01   1.5130083e-02
   6.0830173e-01   1.5052940e-02
   6.0733394e-01   1.4975233e-02
   6.0636628e-01   1.4896964e-02
   6.0539875e-01   1.4818133e-02
   6.0443134e-01   1.4738740e-02
   6.0346405e-01   1.4658786e-02
   6.0249690e-01   1.4578271e-02
   6.0152986e-01   1.4497196e-02
   6.0056296e-01   1.4415562e-02
   5.9959465e-01   1.4333402e-02
   5.9861234e-01   1.4251017e-02
   5.9762665e-01   1.4168471e-02
   5.9664102e-01   1.4085764e-02
   5.9565545e-01   1.4002897e-02
   5.9466993e-01   1.3919870e-02
   5.9368446e-01   1.3836683e-02
   5.9269905e-01   1.3753337e-02
   5.9171369e-01   1.3669833e-02
   5.9072838e-01   1.3586170e-02
   5.8974313e-01   1.3502349e-02
   5.8875793e-01   1.3418371e-02
   5.8777278e-01   1.3334236e-02
   5.8678768e-01   1.3249945e-02
   5.8580264e-01   1.3165497e-02
   5.8481765e-01   1.3080893e-02
   5.8383272e-01   1.2996135e-02
   5.8284783e-01   1.2911222e-02
   5.8186300e-01   1.2826154e-02
   5.8087821e-01   1.2740933e-02
   5.7989348e-01   1.2655558e-02
   5.7890880e-01   1.2570031e-02
   5.7792418e-01   1.2484351e-02
   5.7693960e-01   1.2398519e-02
   5.7595507e-01   1.2312535e-02
   5.7497060e-01   1.2226401e-02
   5.7398617e-01   1.2140116e-02
   5.7300180e-01   1.2053681e-02
   5.7201747e-01   1.1967096e-02
   5.7103320e-01   1.1880362e-02
   5.7004897e-01   1.1793480e-02
   5.6906479e-01   1.1706449e-02
   5.6808066e-01   1.1619271e-02
   5.6709659e-01   1.1531946e-02
   5.6611256e-01   1.1444474e-02
   5.6512858e-01   1.1356856e-02
   5.6414464e-01   1.1269092e-02
   5.6316076e-01   1.1181183e-02
   5.6217692e-01   1.1093130e-02
   5.6119313e-01   1.1004932e-02
   5.6020939e-01   1.0916591e-02
   5.5922570e-01   1.0828106e-02
   5.5824205e-01   1.0739479e-02
   5.5725846e-01   1.0650710e-02
   5.5627490e-01   1.0561800e-02
   5.5529140e-01   1.0472748e-02
   5.5430794e-01   1.0383556e-02
   5.5332453e-01   1.0294224e-02
   5.5234116e-01   1.0204752e-02
   5.5135784e-01   1.0115141e-02
   5.5037456e-01   1.0025392e-02
   5.4939133e-01   9.9355058e-03
   5.4840815e-01   9.8454818e-03
   5.4742501e-01   9.7553210e-03
   5.4644191e-01   9.6650240e-03
   5.4545886e-01   9.5745914e-03
   5.4447586e-01   9.4840237e-03
   5.4349290e-01   9.3933215e-03
   5.4250998e-01   9.3024853e-03
   5.4152711e-01   9.2115157e-03
   5.4054428e-01   9.1204132e-03
   5.3956149e-01   9.0291784e-03
   5.3857874e-01   8.9378119e-03
   5.3759604e-01   8.8463143e-03
   5.3661339e-01   8.7546861e-03
   5.3563077e-01   8.6629279e-03
   5.3464820e-01   8.5710403e-03
   5.3366567e-01   8.4790239e-03
   5.3268318e-01   8.3868792e-03
   5.3170073e-01   8.2946069e-03
   5.3071832e-01   8.2022075e-03
   5.2973596e-01   8.1096817e-03
   5.2875363e-01   8.0170300e-03
   5.2777135e-01   7.9242530e-03
   5.2678911e-01   7.8313514e-03
   5.2580690e-01   7.7383257e-03
   5.2482474e-01   7.6451766e-03
   5.2384262e-01   7.5519046e-03
   5.2286053e-01   7.4585104e-03
   5.2187849e-01   7.3649947e-03
   5.2089648e-01   7.2713579e-03
   5.1991452e-01   7.1776008e-03
   5.1893259e-01   7.0837240e-03
   5.1795070e-01   6.9897281e-03
   5.1696885e-01   6.8956137e-03
   5.1598704e-01   6.8013815e-03
   5.1500526e-01   6.7070321e-03
   5.1402353e-01   6.6125661e-03
   5.1304183e-01   6.5179843e-03
   5.1206016e-01   6.4232872e-03
   5.1107854e-01   6.3284755e-03
   5.1009695e-01   6.2335498e-03
   5.0911540e-01   6.1385109e-03
   5.0813388e-01   6.0433593e-03
   5.0715240e-01   5.9480958e-03
   5.0617095e-01   5.8527210e-03
   5.0518954e-01   5.7572355e-03
   5.0420816e-01   5.6616401e-03
   5.0322682e-01   5.5659354e-03
   5.0224552e-01   5.4701221e-03
   5.0126425e-01   5.3742009e-03
   5.0028301e-01   5.2781724e-03
   4.9930181e-01   5.1820374e-03
   4.9832064e-01   5.0857965e-03
   4.9733950e-01   4.9894505e-03
   4.9635840e-01   4.8930000e-03
   4.9537732e-01   4.7964458e-03
   4.9439629e-01   4.6997885e-03
   4.9341528e-01   4.6030288e-03
   4.9243431e-01   4.5061676e-03
   4.9145336e-01   4.4092054e-03
   4.9047245e-01   4.3121430e-03
   4.8949158e-01   4.2149811e-03
   4.8851073e-01   4.1177204e-03
   4.8752991e-01   4.0203617e-03
   4.8654912e-01   3.9229058e-03
   4.8556837e-01   3.8253532e-03
   4.8458764e-01   3.7277048e-03
   4.8360694e-01   3.6299614e-03
   4.8262628e-01   3.5321236e-03
   4.8164564e-01   3.4341922e-03
   4.8066503e-01   3.3361680e-03
   4.7968445e-01   3.2380516e-03
   4.7870390e-01   3.1398440e-03
   4.7772337e-01   3.0415458e-03
   4.7674288e-01   2.9431578e-03
   4.7576241e-01   2.8446807e-03
   4.7478197e-01   2.7461154e-03
   4.7380155e-01   2.6474626e-03
   4.7282116e-01   2.5487231e-03
   4.7184080e-01   2.4498977e-03
   4.7086047e-01   2.3509872e-03
   4.6988016e-01   2.2519923e-03
   4.6889987e-01   2.1529138e-03
   4.6791961e-01   2.0537527e-03
   4.6693938e-01   1.9545095e-03
   4.6595917e-01   1.8551852e-03
   4.6497899e-01   1.7557806e-03
   4.6399883e-01   1.6562965e-03
   4.6301869e-01   1.5567336e-03
   4.6203858e-01   1.4570929e-03
   4.6105849e-01   1.3573751e-03
   4.6007842e-01   1.2575811e-03
   4.5909837e-01   1.1577116e-03
   4.5811835e-01   1.0577676e-03
   4.5713835e-01   9.5774988e-04
   4.5615837e-01   8.5765925e-04
   4.5517842e-01   7.5749659e-04
   4.5419848e-01   6.5726273e-04
   4.5321857e-01   5.5695854e-04
   4.5223867e-01   4.5658487e-04
   4.5125880e-01   3.5614259e-04
   4.5027894e-01   2.5563256e-04
   4.4929911e-01   1.5505565e-04
   4.4831929e-01   5.4412738e-05
   4.4733950e-01  -4.6295298e-05
   4.4635972e-01  -1.4706758e-04
   4.4537996e-01  -2.4790321e-04
   4.4440022e-01  -3.4880131e-04
   4.4342049e-01  -4.4976097e-04
   4.4244079e-01  -5.5078131e-04
   4.4146110e-01  -6.5186141e-04
   4.4048143e-01  -7.5300038e-04
   4.3950177e-01  -8.5419729e-04
   4.3852213e-01  -9.5545124e-04
   4.3754251e-01  -1.0567613e-03
   4.3656290e-01  -1.1581265e-03
   4.3558330e-01  -1.2595460e-03
   4.3460372e-01  -1.3610189e-03
   4.3362416e-01  -1.4625441e-03
   4.3264461e-01  -1.5641208e-03
   4.3166507e-01  -1.6657479e-03
   4.3068555e-01  -1.7674246e-03
   4.2970604e-01  -1.8691500e-03
   4.2872654e-01  -1.9709229e-03
   4.2774705e-01  -2.0727425e-03
   4.2676758e-01  -2.1746079e-03
   4.2578812e-01  -2.2765179e-03
   4.2480867e-01  -2.3784717e-03
   4.2382923e-01  -2.4804683e-03
   4.2284980e-01  -2.5825066e-03
   4.2187038e-01  -2.6845858e-03
   4.2089098e-01  -2.7867047e-03
   4.1991158e-01  -2.8888625e-03
   4.1893219e-01  -2.9910580e-03
   4.1795281e-01  -3.0932903e-03
   4.1697343e-01  -3.1955584e-03
   4.1599407e-01  -3.2978612e-03
   4.1501471e-01  -3.4001977e-03
   4.1403537e-01  -3.5025669e-03
   4.1305602e-01  -3.6049678e-03
   4.1207669e-01  -3.7073993e-03
   4.1109736e-01  -3.8098603e-03
   4.1011804e-01  -3.9123499e-03
   4.0913872e-01  -4.0148669e-03
   4.0815941e-01  -4.1174103e-03
   4.0718010e-01  -4.2199791e-03
   4.0620080e-01  -4.3225721e-03
   4.0522150e-01  -4.4251883e-03
   4.0424221e-01  -4.5278267e-03
   4.0326291e-01  -4.6304860e-03
   4.0228362e-01  -4.7331653e-03
   4.0130434e-01  -4.8358635e-03
   4.0032505e-01  -4.9385794e-03
   3.9934577e-01  -5.0413119e-03
   3.9836649e-01  -5.1440599e-03
   3.9738721e-01  -5.2468223e-03
   3.9640793e-01  -5.3495980e-03
   3.9542865e-01  -5.4523858e-03
   3.9444937e-01  -5.5551847e-03
   3.9347009e-01  -5.6579934e-03
   3.9249081e-01  -5.7608109e-03
   3.9151153e-01  -5.8636359e-03
   3.9053224e-01  -5.9664673e-03
   3.8955295e-01  -6.0693040e-03
   3.8857366e-01  -6.1721448e-03
   3.8759437e-01  -6.2749885e-03
   3.8661508e-01  -6.3778339e-03
   3.8563578e-01  -6.4806799e-03
   3.8465647e-01  -6.5835252e-03
   3.8367716e-01  -6.6863687e-03
   3.8269785e-01  -6.7892091e-03
   3.8171853e-01  -6.8920453e-03
   3.8073920e-01  -6.9948760e-03
   3.7975987e-01  -7.0976999e-03
   3.7878053e-01  -7.2005160e-03
   3.7780118e-01  -7.3033229e-03
   3.7682182e-01  -7.4061193e-03
   3.7584246e-01  -7.5089042e-03
   3.7486309e-01  -7.6116761e-03
   3.7388371e-01  -7.7144338e-03
   3.7290431e-01  -7.8171761e-03
   3.7192491e-01  -7.9199017e-03
   3.7094550e-01  -8.0226093e-03
   3.6996608e-01  -8.1252976e-03
   3.6898665e-01  -8.2279654e-03
   3.6800720e-01  -8.3306112e-03
   3.6702774e-01  -8.4332339e-03
   3.6604827e-01  -8.5358321e-03
   3.6506879e-01  -8.6384045e-03
   3.6408929e-01  -8.7409497e-03
   3.6310978e-01  -8.8434664e-03
   3.6213025e-01  -8.9459533e-03
   3.6115071e-01  -9.0484091e-03
   3.6017115e-01  -9.1508323e-03
   3.5919158e-01  -9.2532216e-03
   3.5821199e-01  -9.3555757e-03
   3.5723238e-01  -9.4578931e-03
   3.5625276e-01  -9.5601725e-03
   3.5527312e-01  -9.6624124e-03
   3.5429345e-01  -9.7646115e-03
   3.5331377e-01  -9.8667684e-03
   3.5233408e-01  -9.9688817e-03
   3.5135436e-01  -1.0070950e-02
   3.5037462e-01  -1.0172972e-02
   3.4939486e-01  -1.0274945e-02
   3.4841507e-01  -1.0376870e-02
   3.4743527e-01  -1.0478743e-02
   3.4645544e-01  -1.0580564e-02
   3.4547559e-01  -1.0682332e-02
   3.4449572e-01  -1.0784044e-02
   3.4351582e-01  -1.0885699e-02
   3.4253590e-01  -1.0987296e-02
   3.4155595e-01  -1.1088833e-02
   3.4057598e-01  -1.1190309e-02
   3.3959598e-01  -1.1291723e-02
   3.3861595e-01  -1.1393072e-02
   3.3763590e-01  -1.1494355e-02
   3.3665582e-01  -1.1595570e-02
   3.3567571e-01  -1.1696717e-02
   3.3469557e-01  -1.1797793e-02
   3.3371540e-01  -1.1898797e-02
   3.3273521e-01  -1.1999728e-02
   3.3175498e-01  -1.2100583e-02
   3.3077472e-01  -1.2201361e-02
   3.2979443e-01  -1.2302060e-02
   3.2881411e-01  -1.2402680e-02
   3.2783375e-01  -1.2503218e-02
   3.2685336e-01  -1.2603672e-02
   3.2587294e-01  -1.2704041e-02
   3.2489248e-01  -1.2804324e-02
   3.2391199e-01  -1.2904518e-02
   3.2293146e-01  -1.3004622e-02
   3.2195090e-01  -1.3104634e-02
   3.2097030e-01  -1.3204553e-02
   3.1998966e-01  -1.3304377e-02
   3.1900898e-01  -1.3404103e-02
   3.1802827e-01  -1.3503732e-02
   3.1704751e-01  -1.3603259e-02
   3.1606672e-01  -1.3702685e-02
   3.1508588e-01  -1.3802007e-02
   3.1410501e-01  -1.3901223e-02
   3.1312409e-01  -1.4000331e-02
   3.1214313e-01  -1.4099331e-02
   3.1116213e-01  -1.4198219e-02
   3.1018108e-01  -1.4296994e-02
   3.0919999e-01  -1.4395655e-02
   3.0821886e-01  -1.4494199e-02
   3.0723768e-01  -1.4592625e-02
   3.0625645e-01  -1.4690930e-02
   3.0527518e-01  -1.4789113e-02
   3.0429386e-01  -1.4887172e-02
   3.0331249e-01  -1.4985105e-02
   3.0233108e-01  -1.5082911e-02
   3.0134961e-01  -1.5180586e-02
   3.0036809e-01  -1.5278130e-02
   2.9938653e-01  -1.5375540e-02
   2.9840491e-01  -1.5472814e-02
   2.9742324e-01  -1.5569951e-02
   2.9644152e-01  -1.5666948e-02
   2.9545974e-01  -1.5763803e-02
   2.9447791e-01  -1.5860515e-02
   2.9349603e-01  -1.5957080e-02
   2.9251409e-01  -1.6053499e-02
   2.9153210e-01  -1.6149767e-02
   2.9055004e-01  -1.6245883e-02
   2.8956793e-01  -1.6341846e-02
   2.8858576e-01  -1.6437652e-02
   2.8760354e-01  -1.6533300e-02
   2.8662125e-01  -1.6628788e-02
   2.8563890e-01  -1.6724113e-02
   2.8465650e-01  -1.6819273e-02
   2.8367403e-01  -1.6914267e-02
   2.8269149e-01  -1.7009092e-02
   2.8170890e-01  -1.7103745e-02
   2.8072624e-01  -1.7198225e-02
   2.7974351e-01  -1.7292529e-02
   2.7876072e-01  -1.7386655e-02
   2.7777787e-01  -1.7480601e-02
   2.7679494e-01  -1.7574364e-02
   2.7581195e-01  -1.7667942e-02
   2.7482889e-01  -1.7761334e-02
   2.7384576e-01  -1.7854535e-02
   2.7286256e-01  -1.7947545e-02
   2.7187929e-01  -1.8040360e-02
   2.7089595e-01  -1.8132979e-02
   2.6991254e-01  -1.8225399e-02
   2.6892905e-01  -1.8317617e-02
   2.6794549e-01  -1.8409631e-02
   2.6696185e-01  -1.8501439e-02
   2.6597813e-01  -1.8593038e-02
   2.6499434e-01  -1.8684425e-02
   2.6401048e-01  -1.8775598e-02
   2.6302653e-01  -1.8866555e-02
   2.6204251e-01  -1.8957293e-02
   2.6105840e-01  -1.9047809e-02
   2.6007421e-01  -1.9138101e-02
   2.5908995e-01  -1.9228165e-02
   2.5810560e-01  -1.9318001e-02
   2.5712116e-01  -1.9407604e-02
   2.5613664e-01  -1.9496972e-02
   2.5515204e-01  -1.9586102e-02
   2.5416735e-01  -1.9674992e-02
   2.5318257e-01  -1.9763639e-02
   2.5219771e-01  -1.9852040e-02
   2.5121275e-01  -1.9940192e-02
   2.5022771e-01  -2.0028092e-02
   2.4924258e-01  -2.0115739e-02
   2.4825735e-01  -2.0203127e-02
   2.4727203e-01  -2.0290256e-02
   2.4628662e-01  -2.0377122e-02
   2.4530111e-01  -2.0463721e-02
   2.4431551e-01  -2.0550051e-02
   2.4332981e-01  -2.0636110e-02
   2.4234401e-01  -2.0721893e-02
   2.4135812e-01  -2.0807398e-02
   2.4037213e-01  -2.0892622e-02
   2.3938603e-01  -2.0977561e-02
   2.3839984e-01  -2.1062213e-02
   2.3741354e-01  -2.1146575e-02
   2.3642714e-01  -2.1230642e-02
   2.3544063e-01  -2.1314412e-02
   2.3445402e-01  -2.1397883e-02
   2.3346730e-01  -2.1481049e-02
   2.3248048e-01  -2.1563909e-02
   2.3149354e-01  -2.1646458e-02
   2.3050650e-01  -2.1728694e-02
   2.2951934e-01  -2.1810612e-02
   2.2853208e-01  -2.1892210e-02
   2.2754470e-01  -2.1973485e-02
   2.2655720e-01  -2.2054431e-02
   2.2556960e-01  -2.2135047e-02
   2.2458187e-01  -2.2215328e-02
   2.2359403e-01  -2.2295271e-02
   2.2260607e-01  -2.2374873e-02
   2.2161799e-01  -2.2454128e-02
   2.2062979e-01  -2.2533035e-02
   2.1964146e-01  -2.2611589e-02
   2.1865301e-01  -2.2689785e-02
   2.1766444e-01  -2.2767622e-02
   2.1667575e-01  -2.2845093e-02
   2.1568692e-01  -2.2922197e-02
   2.1469797e-01  -2.2998928e-02
   2.1370889e-01  -2.3075283e-02
   2.1271968e-01  -2.3151258e-02
   2.1173034e-01  -2.3226848e-02
   2.1074086e-01  -2.3302050e-02
   2.0975125e-01  -2.3376859e-02
   2.0876150e-01  -2.3451271e-02
   2.0777162e-01  -2.3525282e-02
   2.0678160e-01  -2.3598888e-02
   2.0579144e-01  -2.3672084e-02
   2.0480114e-01  -2.3744866e-02
   2.0381069e-01  -2.3817230e-02
   2.0282011e-01  -2.3889170e-02
   2.0182937e-01  -2.3960683e-02
   2.0083850e-01  -2.4031764e-02
   1.9984747e-01  -2.4102408e-02
   1.9885630e-01  -2.4172610e-02
   1.9786497e-01  -2.4242367e-02
   1.9687349e-01  -2.4311672e-02
   1.9588186e-01  -2.4380522e-02
   1.9489008e-01  -2.4448911e-02
   1.9389813e-01  -2.4516834e-02
   1.9290603e-01  -2.4584287e-02
   1.9191377e-01  -2.4651263e-02
   1.9092135e-01  -2.4717759e-02
   1.8992877e-01  -2.4783769e-02
   1.8893602e-01  -2.4849287e-02
   1.8794311e-01  -2.4914308e-02
   1.8695003e-01  -2.4978828e-02
   1.8595679e-01  -2.5042839e-02
   1.8496337e-01  -2.5106338e-02
   1.8396978e-01  -2.5169318e-02
   1.8297601e-01  -2.5231773e-02
   1.8198207e-01  -2.5293699e-02
   1.8098796e-01  -2.5355088e-02
   1.7999366e-01  -2.5415935e-02
   1.7899919e-01  -2.5476235e-02
   1.7800453e-01  -2.5535981e-02
   1.7700969e-01  -2.5595166e-02
   1.7601466e-01  -2.5653786e-02
   1.7501944e-01  -2.5711833e-02
   1.7402404e-01  -2.5769301e-02
   1.7302844e-01  -2.5826183e-02
   1.7203266e-01  -2.5882474e-02
   1.7103667e-01  -2.5938166e-02
   1.7004049e-01  -2.5993253e-02
   1.6904411e-01  -2.6047728e-02
   1.6804753e-01  -2.6101584e-02
   1.6705075e-01  -2.6154813e-02
   1.6605376e-01  -2.6207410e-02
   1.6505657e-01  -2.6259366e-02
   1.6405916e-01  -2.6310674e-02
   1.6306155e-01  -2.6361327e-02
   1.6206372e-01  -2.6411318e-02
   1.6106568e-01  -2.6460637e-02
   1.6006742e-01  -2.6509279e-02
   1.5906894e-01  -2.6557235e-02
   1.5807023e-01  -2.6604497e-02
   1.5707131e-01  -2.6651056e-02
   1.5607216e-01  -2.6696905e-02
   1.5507278e-01  -2.6742035e-02
   1.5407316e-01  -2.6786438e-02
   1.5307332e-01  -2.6830105e-02
   1.5207324e-01  -2.6873027e-02
   1.5107292e-01  -2.6915195e-02
   1.5007236e-01  -2.6956600e-02
   1.4907155e-01  -2.6997233e-02
   1.4807051e-01  -2.7037085e-02
   1.4706921e-01  -2.7076146e-02
   1.4606766e-01  -2.7114406e-02
   1.4506586e-01  -2.7151855e-02
   1.4406380e-01  -2.7188484e-02
   1.4306148e-01  -2.7224282e-02
   1.4205890e-01  -2.7259239e-02
   1.4105606e-01  -2.7293345e-02
   1.4005295e-01  -2.7326588e-02
   1.3904957e-01  -2.7358957e-02
   1.3804591e-01  -2.7390442e-02
   1.3704198e-01  -2.7421031e-02
   1.3603777e-01  -2.7450713e-02
   1.3503328e-01  -2.7479476e-02
   1.3402850e-01  -2.7507307e-02
   1.3302343e-01  -2.7534196e-02
   1.3201807e-01  -2.7560128e-02
   1.3101242e-01  -2.7585092e-02
   1.3000647e-01  -2.7609075e-02
   1.2900021e-01  -2.7632064e-02
   1.2799365e-01  -2.7654044e-02
   1.2698678e-01  -2.7675003e-02
   1.2597960e-01  -2.7694927e-02
   1.2497210e-01  -2.7713801e-02
   1.2396428e-01  -2.7731610e-02
   1.2295613e-01  -2.7748341e-02
   1.2194766e-01  -2.7763977e-02
   1.2093886e-01  -2.7778504e-02
   1.1992972e-01  -2.7791905e-02
   1.1892024e-01  -2.7804165e-02
   1.1791042e-01  -2.7815266e-02
   1.1690025e-01  -2.7825193e-02
   1.1588973e-01  -2.7833928e-02
   1.1487885e-01  -2.7841454e-02
   1.1386760e-01  -2.7847751e-02
   1.1285600e-01  -2.7852803e-02
   1.1184402e-01  -2.7856590e-02
   1.1083167e-01  -2.7859094e-02
   1.0981893e-01  -2.7860293e-02
   1.0880581e-01  -2.7860169e-02
   1.0779230e-01  -2.7858700e-02
   1.0677840e-01  -2.7855866e-02
   1.0576409e-01  -2.7851645e-02
   1.0474938e-01  -2.7846014e-02
   1.0373425e-01  -2.7838951e-02
   1.0271871e-01  -2.7830433e-02
   1.0170274e-01  -2.7820435e-02
   1.0068635e-01  -2.7808933e-02
   9.9669516e-02  -2.7795903e-02
   9.8652243e-02  -2.7781317e-02
   9.7634522e-02  -2.7765150e-02
   9.6616346e-02  -2.7747375e-02
   9.5597709e-02  -2.7727962e-02
   9.4578604e-02  -2.7706884e-02
   9.3559023e-02  -2.7684112e-02
   9.2538959e-02  -2.7659613e-02
   9.1518405e-02  -2.7633358e-02
   9.0497354e-02  -2.7605314e-02
   8.9475796e-02  -2.7575448e-02
   8.8453726e-02  -2.7543725e-02
   8.7431133e-02  -2.7510111e-02
   8.6408010e-02  -2.7474570e-02
   8.5384348e-02  -2.7437063e-02
   8.4360137e-02  -2.7397552e-02
   8.3335369e-02  -2.7355997e-02
   8.2310034e-02  -2.7312358e-02
   8.1284122e-02  -2.7266592e-02
   8.0257622e-02  -2.7218655e-02
   7.9230525e-02  -2.7168501e-02
   7.8202820e-02  -2.7116084e-02
   7.7174495e-02  -2.7061355e-02
   7.6145539e-02  -2.7004264e-02
   7.5115940e-02  -2.6944759e-02
   7.4085686e-02  -2.6882785e-02
   7.3054764e-02  -2.6818287e-02
   7.2023160e-02  -2.6751208e-02
   7.0990861e-02  -2.6681485e-02
   6.9957853e-02  -2.6609058e-02
   6.8924121e-02  -2.6533860e-02
   6.7889650e-02  -2.6455825e-02
   6.6854424e-02  -2.6374881e-02
   6.5818427e-02  -2.6290956e-02
   6.4781641e-02  -2.6203973e-02
   6.3744049e-02  -2.6113852e-02
   6.2705631e-02  -2.6020509e-02
   6.1666370e-02  -2.5923859e-02
   6.0626244e-02  -2.5823810e-02
   5.9585233e-02  -2.5720267e-02
   5.8543314e-02  -2.5613131e-02
   5.7500465e-02  -2.5502297e-02
   5.6456661e-02  -2.5387656e-02
   5.5411877e-02  -2.5269094e-02
   5.4366088e-02  -2.5146488e-02
   5.3319264e-02  -2.5019713e-02
   5.2271377e-02  -2.4888634e-02
   5.1222397e-02  -2.4753111e-02
   5.0172290e-02  -2.4612995e-02
   4.9121023e-02  -2.4468128e-02
   4.8068559e-02  -2.4318343e-02
   4.7014861e-02  -2.4163465e-02
   4.5959888e-02  -2.4003306e-02
   4.4903598e-02  -2.3837667e-02
   4.3845944e-02  -2.3666336e-02
   4.2786879e-02  -2.3489088e-02
   4.1726351e-02  -2.3305681e-02
   4.0664305e-02  -2.3115857e-02
   3.9600682e-02  -2.2919341e-02
   3.8535420e-02  -2.2715834e-02
   3.7468449e-02  -2.2505018e-02
   3.6399698e-02  -2.2286548e-02
   3.5329087e-02  -2.2060051e-02
   3.4256532e-02  -2.1825123e-02
   3.3181939e-02  -2.1581326e-02
   3.2105209e-02  -2.1328180e-02
   3.1026232e-02  -2.1065163e-02
   2.9944887e-02  -2.0791700e-02
   2.8861043e-02  -2.0507159e-02
   2.7774554e-02  -2.0210842e-02
   2.6685258e-02  -1.9901974e-02
   2.5592977e-02  -1.9579689e-02
   2.4497508e-02  -1.9243020e-02
   2.3398626e-02  -1.8890874e-02
   2.2296076e-02  -1.8522014e-02
   2.1189566e-02  -1.8135030e-02
   2.0078763e-02  -1.7728298e-02
   1.8963279e-02  -1.7299938e-02
   1.7842664e-02  -1.6847750e-02
   1.6716384e-02  -1.6369133e-02
   1.5583805e-02  -1.5860976e-02
   1.4444154e-02  -1.5319502e-02
   1.3296484e-02  -1.4740055e-02
   1.2139603e-02  -1.4116777e-02
   1.0971981e-02  -1.3442130e-02
   9.7915926e-03  -1.2706128e-02
   8.5956641e-03  -1.1895054e-02
   7.3802061e-03  -1.0989161e-02
   6.1391067e-03  -9.9581376e-03
   4.8620947e-03  -8.7509573e-03
   3.5291762e-03  -7.2681199e-03
   2.0888243e-03  -5.2527287e-03
   0.0000000e+00   0.0000000e+00
  -8.6822270e-05   5.6527951e-03
   4.7482782e-04   8.0675847e-03
   1.1439113e-03   9.9491525e-03
   1.8689013e-03   1.1554395e-02
   2.6298039e-03   1.2982813e-02
   3.4163479e-03   1.4285433e-02
   4.2224214e-03   1.5492565e-02
   5.0440355e-03   1.6623957e-02
   5.8784151e-03   1.7693327e-02
   6.7235360e-03   1.8710659e-02
   7.5778677e-03   1.9683493e-02
   8.4402192e-03   2.0617685e-02
   9.3096416e-03   2.1517892e-02
   1.0185364e-02   2.2387891e-02
   1.1066751e-02   2.3230794e-02
   1.1953269e-02   2.4049200e-02
   1.2844468e-02   2.4845311e-02
   1.3739960e-02   2.5621005e-02
   1.4639412e-02   2.6377907e-02
   1.5542532e-02   2.7117427e-02
   1.6449065e-02   2.7840803e-02
   1.7358786e-02   2.8549126e-02
   1.8271492e-02   2.9243365e-02
   1.9187005e-02   2.9924384e-02
   2.0105163e-02   3.0592959e-02
   2.1025820e-02   3.1249788e-02
   2.1948845e-02   3.1895504e-02
   2.2874117e-02   3.2530680e-02
   2.3801526e-02   3.3155840e-02
   2.4730973e-02   3.3771462e-02
   2.5662364e-02   3.4377985e-02
   2.6595615e-02   3.4975814e-02
   2.7530646e-02   3.5565320e-02
   2.8467386e-02   3.6146849e-02
   2.9405765e-02   3.6720720e-02
   3.0345721e-02   3.7287230e-02
   3.1287195e-02   3.7846655e-02
   3.2230132e-02   3.8399254e-02
   3.3174480e-02   3.8945267e-02
   3.4120192e-02   3.9484920e-02
   3.5067221e-02   4.0018426e-02
   3.6015525e-02   4.0545982e-02
   3.6965063e-02   4.1067777e-02
   3.7915798e-02   4.1583986e-02
   3.8867693e-02   4.2094777e-02
   3.9820715e-02   4.2600307e-02
   4.0774830e-02   4.3100723e-02
   4.1730008e-02   4.3596169e-02
   4.2686221e-02   4.4086777e-02
   4.3643439e-02   4.4572674e-02
   4.4601637e-02   4.5053981e-02
   4.5560790e-02   4.5530813e-02
   4.6520873e-02   4.6003280e-02
   4.7481864e-02   4.6471485e-02
   4.8443740e-02   4.6935528e-02
   4.9406481e-02   4.7395505e-02
   5.0370066e-02   4.7851505e-02
   5.1334475e-02   4.8303617e-02
   5.2299691e-02   4.8751922e-02
   5.3265696e-02   4.9196502e-02
   5.4232472e-02   4.9637432e-02
   5.5200003e-02   5.0074785e-02
   5.6168273e-02   5.0508633e-02
   5.7137267e-02   5.0939043e-02
   5.8106970e-02   5.1366079e-02
   5.9077369e-02   5.1789805e-02
   6.0048448e-02   5.2210281e-02
   6.1020196e-02   5.2627565e-02
   6.1992599e-02   5.3041713e-02
   6.2965645e-02   5.3452778e-02
   6.3939322e-02   5.3860813e-02
   6.4913619e-02   5.4265869e-02
   6.5888524e-02   5.4667993e-02
   6.6864027e-02   5.5067232e-02
   6.7840116e-02   5.5463633e-02
   6.8816783e-02   5.5857238e-02
   6.9794017e-02   5.6248091e-02
   7.0771809e-02   5.6636232e-02
   7.1750148e-02   5.7021701e-02
   7.2729027e-02   5.7404537e-02
   7.3708436e-02   5.7784777e-02
   7.4688368e-02   5.8162458e-02
   7.5668813e-02   5.8537615e-02
   7.6649763e-02   5.8910281e-02
   7.7631211e-02   5.9280490e-02
   7.8613150e-02   5.9648275e-02
   7.9595571e-02   6.0013666e-02
   8.0578467e-02   6.0376694e-02
   8.1561832e-02   6.0737388e-02
   8.2545658e-02   6.1095778e-02
   8.3529939e-02   6.1451891e-02
   8.4514668e-02   6.1805755e-02
   8.5499839e-02   6.2157396e-02
   8.6485445e-02   6.2506840e-02
   8.7471481e-02   6.2854112e-02
   8.8457941e-02   6.3199236e-02
   8.9444818e-02   6.3542237e-02
   9.0432107e-02   6.3883138e-02
   9.1419802e-02   6.4221962e-02
   9.2407899e-02   6.4558730e-02
   9.3396391e-02   6.4893465e-02
   9.4385273e-02   6.5226188e-02
   9.5374541e-02   6.5556918e-02
   9.6364189e-02   6.5885677e-02
   9.7354213e-02   6.6212484e-02
   9.8344608e-02   6.6537359e-02
   9.9335368e-02   6.6860319e-02
   1.0032649e-01   6.7181384e-02
   1.0131797e-01   6.7500571e-02
   1.0230980e-01   6.7817898e-02
   1.0330198e-01   6.8133383e-02
   1.0429450e-01   6.8447041e-02
   1.0528737e-01   6.8758890e-02
   1.0628057e-01   6.9068946e-02
   1.0727410e-01   6.9377224e-02
   1.0826796e-01   6.9683739e-02
   1.0926214e-01   6.9988508e-02
   1.1025664e-01   7.0291544e-02
   1.1125146e-01   7.0592863e-02
   1.1224659e-01   7.0892478e-02
   1.1324203e-01   7.1190403e-02
   1.1423778e-01   7.1486653e-02
   1.1523383e-01   7.1781240e-02
   1.1623017e-01   7.2074178e-02
   1.1722682e-01   7.2365480e-02
   1.1822375e-01   7.2655158e-02
   1.1922098e-01   7.2943224e-02
   1.2021848e-01   7.3229692e-02
   1.2121628e-01   7.3514572e-02
   1.2221435e-01   7.3797877e-02
   1.2321269e-01   7.4079618e-02
   1.2421132e-01   7.4359807e-02
   1.2521021e-01   7.4638454e-02
   1.2620936e-01   7.4915571e-02
   1.2720879e-01   7.5191168e-02
   1.2820847e-01   7.5465256e-02
   1.2920842e-01   7.5737845e-02
   1.3020862e-01   7.6008946e-02
   1.3120907e-01   7.6278568e-02
   1.3220977e-01   7.6546721e-02
   1.3321073e-01   7.6813416e-02
   1.3421193e-01   7.7078661e-02
   1.3521337e-01   7.7342465e-02
   1.3621505e-01   7.7604839e-02
   1.3721697e-01   7.7865792e-02
   1.3821913e-01   7.8125331e-02
   1.3922152e-01   7.8383466e-02
   1.4022414e-01   7.8640206e-02
   1.4122699e-01   7.8895560e-02
   1.4223007e-01   7.9149534e-02
   1.4323337e-01   7.9402139e-02
   1.4423689e-01   7.9653381e-02
   1.4524063e-01   7.9903269e-02
   1.4624459e-01   8.0151811e-02
   1.4724876e-01   8.0399015e-02
   1.4825315e-01   8.0644888e-02
   1.4925775e-01   8.0889438e-02
   1.5026256e-01   8.1132672e-02
   1.5126757e-01   8.1374598e-02
   1.5227279e-01   8.1615222e-02
   1.5327821e-01   8.1854552e-02
   1.5428383e-01   8.2092596e-02
   1.5528965e-01   8.2329359e-02
   1.5629567e-01   8.2564849e-02
   1.5730189e-01   8.2799072e-02
   1.5830829e-01   8.3032035e-02
   1.5931489e-01   8.3263745e-02
   1.6032168e-01   8.3494209e-02
   1.6132865e-01   8.3723431e-02
   1.6233581e-01   8.3951420e-02
   1.6334316e-01   8.4178180e-02
   1.6435068e-01   8.4403719e-02
   1.6535839e-01   8.4628041e-02
   1.6636627e-01   8.4851154e-02
   1.6737434e-01   8.5073063e-02
   1.6838258e-01   8.5293773e-02
   1.6939099e-01   8.5513292e-02
   1.7039957e-01   8.5731623e-02
   1.7140833e-01   8.5948773e-02
   1.7241725e-01   8.6164748e-02
   1.7342634e-01   8.6379553e-02
   1.7443559e-01   8.6593192e-02
   1.7544501e-01   8.6805673e-02
   1.7645459e-01   8.7016999e-02
   1.7746434e-01   8.7227176e-02
   1.7847424e-01   8.7436210e-02
   1.7948430e-01   8.7644105e-02
   1.8049451e-01   8.7850866e-02
   1.8150489e-01   8.8056498e-02
   1.8251541e-01   8.8261007e-02
   1.8352609e-01   8.8464396e-02
   1.8453691e-01   8.8666672e-02
   1.8554789e-01   8.8867838e-02
   1.8655901e-01   8.9067899e-02
   1.8757028e-01   8.9266860e-02
   1.8858170e-01   8.9464726e-02
   1.8959326e-01   8.9661500e-02
   1.9060496e-01   8.9857188e-02
   1.9161680e-01   9.0051794e-02
   1.9262878e-01   9.0245322e-02
   1.9364090e-01   9.0437777e-02
   1.9465315e-01   9.0629163e-02
   1.9566555e-01   9.0819484e-02
   1.9667807e-01   9.1008744e-02
   1.9769073e-01   9.1196948e-02
   1.9870352e-01   9.1384099e-02
   1.9971644e-01   9.1570202e-02
   2.0072949e-01   9.1755261e-02
   2.0174267e-01   9.1939279e-02
   2.0275598e-01   9.2122262e-02
   2.0376941e-01   9.2304211e-02
   2.0478296e-01   9.2485132e-02
   2.0579664e-01   9.2665029e-02
   2.0681044e-01   9.2843904e-02
   2.0782436e-01   9.3021762e-02
   2.0883840e-01   9.3198607e-02
   2.0985256e-01   9.3374442e-02
   2.1086684e-01   9.3549271e-02
   2.1188123e-01   9.3723097e-02
   2.1289574e-01   9.3895924e-02
   2.1391037e-01   9.4067756e-02
   2.1492510e-01   9.4238596e-02
   2.1593995e-01   9.4408447e-02
   2.1695491e-01   9.4577313e-02
   2.1796997e-01   9.4745198e-02
   2.1898515e-01   9.4912104e-02
   2.2000043e-01   9.5078036e-02
   2.2101583e-01   9.5242996e-02
   2.2203132e-01   9.5406987e-02
   2.2304692e-01   9.5570014e-02
   2.2406263e-01   9.5732078e-02
   2.2507843e-01   9.5893184e-02
   2.2609434e-01   9.6053335e-02
   2.2711035e-01   9.6212533e-02
   2.2812646e-01   9.6370782e-02
   2.2914266e-01   9.6528084e-02
   2.3015896e-01   9.6684444e-02
   2.3117536e-01   9.6839864e-02
   2.3219186e-01   9.6994346e-02
   2.3320845e-01   9.7147895e-02
   2.3422513e-01   9.7300512e-02
   2.3524191e-01   9.7452201e-02
   2.3625878e-01   9.7602965e-02
   2.3727573e-01   9.7752806e-02
   2.3829278e-01   9.7901728e-02
   2.3930992e-01   9.8049733e-02
   2.4032715e-01   9.8196824e-02
   2.4134446e-01   9.8343004e-02
   2.4236186e-01   9.8488275e-02
   2.4337934e-01   9.8632641e-02
   2.4439691e-01   9.8776104e-02
   2.4541456e-01   9.8918667e-02
   2.4643229e-01   9.9060332e-02
   2.4745011e-01   9.9201102e-02
   2.4846801e-01   9.9340980e-02
   2.4948598e-01   9.9479968e-02
   2.5050404e-01   9.9618069e-02
   2.5152217e-01   9.9755286e-02
   2.5254038e-01   9.9891620e-02
   2.5355867e-01   1.0002708e-01
   2.5457704e-01   1.0016165e-01
   2.5559548e-01   1.0029536e-01
   2.5661399e-01   1.0042819e-01
   2.5763258e-01   1.0056015e-01
   2.5865124e-01   1.0069125e-01
   2.5966997e-01   1.0082148e-01
   2.6068877e-01   1.0095084e-01
   2.6170764e-01   1.0107935e-01
   2.6272659e-01   1.0120700e-01
   2.6374560e-01   1.0133380e-01
   2.6476467e-01   1.0145974e-01
   2.6578382e-01   1.0158483e-01
   2.6680303e-01   1.0170908e-01
   2.6782231e-01   1.0183248e-01
   2.6884165e-01   1.0195503e-01
   2.6986106e-01   1.0207674e-01
   2.7088053e-01   1.0219762e-01
   2.7190006e-01   1.0231765e-01
   2.7291965e-01   1.0243685e-01
   2.7393931e-01   1.0255522e-01
   2.7495902e-01   1.0267276e-01
   2.7597880e-01   1.0278947e-01
   2.7699863e-01   1.0290535e-01
   2.7801853e-01   1.0302041e-01
   2.7903848e-01   1.0313465e-01
   2.8005848e-01   1.0324807e-01
   2.8107854e-01   1.0336067e-01
   2.8209866e-01   1.0347245e-01
   2.8311883e-01   1.0358342e-01
   2.8413906e-01   1.0369358e-01
   2.8515934e-01   1.0380293e-01
   2.8617967e-01   1.0391147e-01
   2.8720006e-01   1.0401921e-01
   2.8822049e-01   1.0412614e-01
   2.8924098e-01   1.0423227e-01
   2.9026152e-01   1.0433760e-01
   2.9128210e-01   1.0444213e-01
   2.9230274e-01   1.0454587e-01
   2.9332342e-01   1.0464881e-01
   2.9434415e-01   1.0475096e-01
   2.9536492e-01   1.0485232e-01
   2.9638575e-01   1.0495289e-01
   2.9740661e-01   1.0505268e-01
   2.9842753e-01   1.0515168e-01
   2.9944848e-01   1.0524990e-01
   3.0046948e-01   1.0534734e-01
   3.0149052e-01   1.0544399e-01
   3.0251161e-01   1.0553987e-01
   3.0353274e-01   1.0563498e-01
   3.0455390e-01   1.0572931e-01
   3.0557511e-01   1.0582287e-01
   3.0659636e-01   1.0591566e-01
   3.0761765e-01   1.0600768e-01
   3.0863897e-01   1.0609894e-01
   3.0966034e-01   1.0618943e-01
   3.1068174e-01   1.0627916e-01
   3.1170317e-01   1.0636812e-01
   3.1272465e-01   1.0645633e-01
   3.1374616e-01   1.0654378e-01
   3.1476770e-01   1.0663047e-01
   3.1578928e-01   1.0671640e-01
   3.1681089e-01   1.0680159e-01
   3.1783254e-01   1.0688602e-01
   3.1885422e-01   1.0696970e-01
   3.1987593e-01   1.0705264e-01
   3.2089767e-01   1.0713482e-01
   3.2191945e-01   1.0721627e-01
   3.2294125e-01   1.0729696e-01
   3.2396309e-01   1.0737692e-01
   3.2498495e-01   1.0745614e-01
   3.2600684e-01   1.0753462e-01
   3.2702877e-01   1.0761236e-01
   3.2805071e-01   1.0768937e-01
   3.2907269e-01   1.0776564e-01
   3.3009469e-01   1.0784118e-01
   3.3111672e-01   1.0791599e-01
   3.3213878e-01   1.0799007e-01
   3.3316086e-01   1.0806342e-01
   3.3418296e-01   1.0813605e-01
   3.3520509e-01   1.0820795e-01
   3.3622724e-01   1.0827913e-01
   3.3724942e-01   1.0834959e-01
   3.3827161e-01   1.0841932e-01
   3.3929383e-01   1.0848834e-01
   3.4031607e-01   1.0855664e-01
   3.4133834e-01   1.0862422e-01
   3.4236062e-01   1.0869109e-01
   3.4338292e-01   1.0875725e-01
   3.4440524e-01   1.0882270e-01
   3.4542758e-01   1.0888743e-01
   3.4644994e-01   1.0895146e-01
   3.4747232e-01   1.0901477e-01
   3.4849472e-01   1.0907739e-01
   3.4951713e-01   1.0913929e-01
   3.5053956e-01   1.0920050e-01
   3.5156200e-01   1.0926100e-01
   3.5258446e-01   1.0932080e-01
   3.5360694e-01   1.0937991e-01
   3.5462943e-01   1.0943831e-01
   3.5565193e-01   1.0949602e-01
   3.5667445e-01   1.0955303e-01
   3.5769698e-01   1.0960935e-01
   3.5871953e-01   1.0966498e-01
   3.5974208e-01   1.0971991e-01
   3.6076465e-01   1.0977416e-01
   3.6178723e-01   1.0982772e-01
   3.6280982e-01   1.0988059e-01
   3.6383242e-01   1.0993277e-01
   3.6485503e-01   1.0998427e-01
   3.6587765e-01   1.1003509e-01
   3.6690028e-01   1.1008522e-01
   3.6792292e-01   1.1013467e-01
   3.6894557e-01   1.1018345e-01
   3.6996822e-01   1.1023154e-01
   3.7099089e-01   1.1027896e-01
   3.7201355e-01   1.1032570e-01
   3.7303623e-01   1.1037177e-01
   3.7405891e-01   1.1041716e-01
   3.7508160e-01   1.1046188e-01
   3.7610429e-01   1.1050593e-01
   3.7712699e-01   1.1054931e-01
   3.7814969e-01   1.1059202e-01
   3.7917239e-01   1.1063407e-01
   3.8019510e-01   1.1067545e-01
   3.8121782e-01   1.1071616e-01
   3.8224053e-01   1.1075621e-01
   3.8326325e-01   1.1079559e-01
   3.8428597e-01   1.1083432e-01
   3.8530869e-01   1.1087238e-01
   3.8633141e-01   1.1090979e-01
   3.8735413e-01   1.1094654e-01
   3.8837685e-01   1.1098263e-01
   3.8939958e-01   1.1101806e-01
   3.9042230e-01   1.1105284e-01
   3.9144502e-01   1.1108696e-01
   3.9246774e-01   1.1112044e-01
   3.9349046e-01   1.1115326e-01
   3.9451317e-01   1.1118543e-01
   3.9553589e-01   1.1121695e-01
   3.9655860e-01   1.1124783e-01
   3.9758130e-01   1.1127805e-01
   3.9860401e-01   1.1130764e-01
   3.9962671e-01   1.1133657e-01
   4.0064940e-01   1.1136486e-01
   4.0167209e-01   1.1139251e-01
   4.0269478e-01   1.1141952e-01
   4.0371745e-01   1.1144589e-01
   4.0474013e-01   1.1147162e-01
   4.0576279e-01   1.1149671e-01
   4.0678546e-01   1.1152116e-01
   4.0780811e-01   1.1154498e-01
   4.0883075e-01   1.1156816e-01
   4.0985339e-01   1.1159071e-01
   4.1087602e-01   1.1161262e-01
   4.1189864e-01   1.1163390e-01
   4.1292126e-01   1.1165455e-01
   4.1394386e-01   1.1167457e-01
   4.1496645e-01   1.1169396e-01
   4.1598904e-01   1.1171272e-01
   4.1701161e-01   1.1173086e-01
   4.1803417e-01   1.1174837e-01
   4.1905673e-01   1.1176525e-01
   4.2007927e-01   1.1178151e-01
   4.2110179e-01   1.1179715e-01
   4.2212431e-01   1.1181216e-01
   4.2314682e-01   1.1182655e-01
   4.2416931e-01   1.1184033e-01
   4.2519179e-01   1.1185348e-01
   4.2621425e-01   1.1186601e-01
   4.2723670e-01   1.1187793e-01
   4.2825914e-01   1.1188923e-01
   4.2928156e-01   1.1189992e-01
   4.3030397e-01   1.1190999e-01
   4.3132636e-01   1.1191944e-01
   4.3234874e-01   1.1192829e-01
   4.3337110e-01   1.1193652e-01
   4.3439345e-01   1.1194414e-01
   4.3541578e-01   1.1195115e-01
   4.3643809e-01   1.1195755e-01
   4.3746039e-01   1.1196334e-01
   4.3848266e-01   1.1196853e-01
   4.3950493e-01   1.1197311e-01
   4.4052717e-01   1.1197708e-01
   4.4154939e-01   1.1198045e-01
   4.4257160e-01   1.1198322e-01
   4.4359378e-01   1.1198538e-01
   4.4461595e-01   1.1198694e-01
   4.4563810e-01   1.1198790e-01
   4.4666023e-01   1.1198826e-01
   4.4768233e-01   1.1198802e-01
   4.4870442e-01   1.1198718e-01
   4.4972649e-01   1.1198574e-01
   4.5074853e-01   1.1198371e-01
   4.5177056e-01   1.1198108e-01
   4.5279256e-01   1.1197786e-01
   4.5381454e-01   1.1197404e-01
   4.5483650e-01   1.1196963e-01
   4.5585843e-01   1.1196462e-01
   4.5688034e-01   1.1195903e-01
   4.5790223e-01   1.1195284e-01
   4.5892410e-01   1.1194606e-01
   4.5994594e-01   1.1193869e-01
   4.6096776e-01   1.1193074e-01
   4.6198955e-01   1.1192220e-01
   4.6301132e-01   1.1191307e-01
   4.6403306e-01   1.1190335e-01
   4.6505478e-01   1.1189305e-01
   4.6607647e-01   1.1188216e-01
   4.6709814e-01   1.1187070e-01
   4.6811978e-01   1.1185864e-01
   4.6914139e-01   1.1184601e-01
   4.7016298e-01   1.1183279e-01
   4.7118454e-01   1.1181900e-01
   4.7220607e-01   1.1180462e-01
   4.7322758e-01   1.1178967e-01
   4.7424906e-01   1.1177414e-01
   4.7527051e-01   1.1175803e-01
   4.7629193e-01   1.1174134e-01
   4.7731332e-01   1.1172408e-01
   4.7833468e-01   1.1170624e-01
   4.7935602e-01   1.1168783e-01
   4.8037732e-01   1.1166884e-01
   4.8139860e-01   1.1164928e-01
   4.8241985e-01   1.1162915e-01
   4.8344106e-01   1.1160845e-01
   4.8446225e-01   1.1158717e-01
   4.8548340e-01   1.1156533e-01
   4.8650452e-01   1.1154292e-01
   4.8752561e-01   1.1151994e-01
   4.8854667e-01   1.1149639e-01
   4.8956770e-01   1.1147227e-01
   4.9058870e-01   1.1144759e-01
   4.9160966e-01   1.1142234e-01
   4.9263059e-01   1.1139653e-01
   4.9365149e-01   1.1137015e-01
   4.9467236e-01   1.1134321e-01
   4.9569319e-01   1.1131571e-01
   4.9671399e-01   1.1128764e-01
   4.9773475e-01   1.1125902e-01
   4.9875548e-01   1.1122983e-01
   4.9977618e-01   1.1120008e-01
   5.0079684e-01   1.1116977e-01
   5.0181747e-01   1.1113891e-01
   5.0283806e-01   1.1110748e-01
   5.0385861e-01   1.1107550e-01
   5.0487914e-01   1.1104296e-01
   5.0589962e-01   1.1100987e-01
   5.0692007e-01   1.1097622e-01
   5.0794048e-01   1.1094201e-01
   5.0896086e-01   1.1090726e-01
   5.0998120e-01   1.1087194e-01
   5.1100150e-01   1.1083608e-01
   5.1202176e-01   1.1079966e-01
   5.1304199e-01   1.1076270e-01
   5.1406218e-01   1.1072518e-01
   5.1508233e-01   1.1068711e-01
   5.1610244e-01   1.1064849e-01
   5.1712252e-01   1.1060932e-01
   5.1814255e-01   1.1056961e-01
   5.1916255e-01   1.1052934e-01
   5.2018251e-01   1.1048853e-01
   5.2120243e-01   1.1044718e-01
   5.2222231e-01   1.1040527e-01
   5.2324215e-01   1.1036283e-01
   5.2426195e-01   1.1031983e-01
   5.2528170e-01   1.1027630e-01
   5.2630142e-01   1.1023222e-01
   5.2732110e-01   1.1018759e-01
   5.2834074e-01   1.1014243e-01
   5.2936033e-01   1.1009672e-01
   5.3037989e-01   1.1005048e-01
   5.3139940e-01   1.1000369e-01
   5.3241887e-01   1.0995636e-01
   5.3343830e-01   1.0990850e-01
   5.3445769e-01   1.0986009e-01
   5.3547703e-01   1.0981115e-01
   5.3649633e-01   1.0976167e-01
   5.3751559e-01   1.0971165e-01
   5.3853480e-01   1.0966110e-01
   5.3955398e-01   1.0961001e-01
   5.4057310e-01   1.0955838e-01
   5.4159219e-01   1.0950623e-01
   5.4261123e-01   1.0945353e-01
   5.4363022e-01   1.0940031e-01
   5.4464918e-01   1.0934655e-01
   5.4566808e-01   1.0929226e-01
   5.4668695e-01   1.0923743e-01
   5.4770576e-01   1.0918208e-01
   5.4872454e-01   1.0912619e-01
   5.4974326e-01   1.0906978e-01
   5.5076194e-01   1.0901283e-01
   5.5178058e-01   1.0895536e-01
   5.5279917e-01   1.0889735e-01
   5.5381771e-01   1.0883882e-01
   5.5483621e-01   1.0877976e-01
   5.5585466e-01   1.0872018e-01
   5.5687306e-01   1.0866007e-01
   5.5789142e-01   1.0859943e-01
   5.5890973e-01   1.0853827e-01
   5.5992799e-01   1.0847658e-01
   5.6094620e-01   1.0841437e-01
   5.6196437e-01   1.0835163e-01
   5.6298248e-01   1.0828837e-01
   5.6400055e-01   1.0822459e-01
   5.6501857e-01   1.0816028e-01
   5.6603655e-01   1.0809546e-01
   5.6705447e-01   1.0803011e-01
   5.6807234e-01   1.0796424e-01
   5.6909017e-01   1.0789785e-01
   5.7010795e-01   1.0783094e-01
   5.7112567e-01   1.0776351e-01
   5.7214335e-01   1.0769556e-01
   5.7316098e-01   1.0762710e-01
   5.7417855e-01   1.0755812e-01
   5.7519608e-01   1.0748861e-01
   5.7621355e-01   1.0741860e-01
   5.7723098e-01   1.0734806e-01
   5.7824835e-01   1.0727701e-01
   5.7926568e-01   1.0720544e-01
   5.8028295e-01   1.0713336e-01
   5.8130017e-01   1.0706077e-01
   5.8231734e-01   1.0698766e-01
   5.8333445e-01   1.0691403e-01
   5.8435152e-01   1.0683989e-01
   5.8536853e-01   1.0676524e-01
   5.8638549e-01   1.0669008e-01
   5.8740240e-01   1.0661441e-01
   5.8841925e-01   1.0653822e-01
   5.8943605e-01   1.0646153e-01
   5.9045280e-01   1.0638432e-01
   5.9146950e-01   1.0630660e-01
   5.9248614e-01   1.0622837e-01
   5.9350273e-01   1.0614964e-01
   5.9451926e-01   1.0607039e-01
   5.9553574e-01   1.0599064e-01
   5.9655217e-01   1.0591037e-01
   5.9756854e-01   1.0582961e-01
   5.9858486e-01   1.0574833e-01
   5.9960455e-01   1.0566654e-01
   6.0063825e-01   1.0558417e-01
   6.0167334e-01   1.0550088e-01
   6.0270831e-01   1.0541665e-01
   6.0374315e-01   1.0533147e-01
   6.0477787e-01   1.0524536e-01
   6.0581247e-01   1.0515830e-01
   6.0684693e-01   1.0507030e-01
   6.0788127e-01   1.0498136e-01
   6.0891549e-01   1.0489148e-01
   6.0994958e-01   1.0480066e-01
   6.1098354e-01   1.0470890e-01
   6.1201737e-01   1.0461620e-01
   6.1305107e-01   1.0452256e-01
   6.1408465e-01   1.0442799e-01
   6.1511809e-01   1.0433248e-01
   6.1615141e-01   1.0423603e-01
   6.1718459e-01   1.0413864e-01
   6.1821765e-01   1.0404032e-01
   6.1925057e-01   1.0394107e-01
   6.2028336e-01   1.0384088e-01
   6.2131602e-01   1.0373975e-01
   6.2234855e-01   1.0363769e-01
   6.2338094e-01   1.0353470e-01
   6.2441321e-01   1.0343078e-01
   6.2544534e-01   1.0332592e-01
   6.2647733e-01   1.0322013e-01
   6.2750919e-01   1.0311341e-01
   6.2854092e-01   1.0300576e-01
   6.2957251e-01   1.0289718e-01
   6.3060397e-01   1.0278767e-01
   6.3163529e-01   1.0267722e-01
   6.3266647e-01   1.0256585e-01
   6.3369752e-01   1.0245356e-01
   6.3472843e-01   1.0234033e-01
   6.3575921e-01   1.0222618e-01
   6.3678984e-01   1.0211109e-01
   6.3782034e-01   1.0199509e-01
   6.3885070e-01   1.0187815e-01
   6.3988092e-01   1.0176029e-01
   6.4091100e-01   1.0164151e-01
   6.4194094e-01   1.0152180e-01
   6.4297074e-01   1.0140117e-01
   6.4400041e-01   1.0127961e-01
   6.4502993e-01   1.0115713e-01
   6.4605931e-01   1.0103372e-01
   6.4708855e-01   1.0090940e-01
   6.4811764e-01   1.0078415e-01
   6.4914660e-01   1.0065798e-01
   6.5017541e-01   1.0053089e-01
   6.5120408e-01   1.0040287e-01
   6.5223260e-01   1.0027394e-01
   6.5326098e-01   1.0014409e-01
   6.5428922e-01   1.0001332e-01
   6.5531732e-01   9.9881627e-02
   6.5634526e-01   9.9749018e-02
   6.5737307e-01   9.9615490e-02
   6.5840073e-01   9.9481046e-02
   6.5942824e-01   9.9345683e-02
   6.6045561e-01   9.9209404e-02
   6.6148283e-01   9.9072209e-02
   6.6250990e-01   9.8934098e-02
   6.6353682e-01   9.8795071e-02
   6.6456360e-01   9.8655129e-02
   6.6559023e-01   9.8514273e-02
   6.6661672e-01   9.8372502e-02
   6.6764305e-01   9.8229817e-02
   6.6866923e-01   9.8086219e-02
   6.6969527e-01   9.7941708e-02
   6.7072115e-01   9.7796284e-02
   6.7174689e-01   9.7649948e-02
   6.7277248e-01   9.7502700e-02
   6.7379791e-01   9.7354541e-02
   6.7482319e-01   9.7205471e-02
   6.7584833e-01   9.7055490e-02
   6.7687331e-01   9.6904599e-02
   6.7789814e-01   9.6752798e-02
   6.7892281e-01   9.6600088e-02
   6.7994734e-01   9.6446469e-02
   6.8097171e-01   9.6291941e-02
   6.8199592e-01   9.6136505e-02
   6.8301999e-01   9.5980162e-02
   6.8404390e-01   9.5822911e-02
   6.8506765e-01   9.5664753e-02
   6.8609125e-01   9.5505688e-02
   6.8711470e-01   9.5345717e-02
   6.8813799e-01   9.5184840e-02
   6.8916113e-01   9.5023058e-02
   6.9018411e-01   9.4860370e-02
   6.9120693e-01   9.4696778e-02
   6.9222959e-01   9.4532281e-02
   6.9325210e-01   9.4366881e-02
   6.9427446e-01   9.4200577e-02
   6.9529665e-01   9.4033370e-02
   6.9631869e-01   9.3865259e-02
   6.9734057e-01   9.3696247e-02
   6.9836229e-01   9.3526332e-02
   6.9938385e-01   9.3355515e-02
   7.0040525e-01   9.3183797e-02
   7.0142649e-01   9.3011178e-02
   7.0244758e-01   9.2837659e-02
   7.0346850e-01   9.2663239e-02
   7.0448926e-01   9.2487919e-02
   7.0550987e-01   9.2311699e-02
   7.0653031e-01   9.2134580e-02
   7.0755059e-01   9.1956563e-02
   7.0857071e-01   9.1777646e-02
   7.0959066e-01   9.1597832e-02
   7.1061046e-01   9.1417120e-02
   7.1163009e-01   9.1235510e-02
   7.1264956e-01   9.1053003e-02
   7.1366887e-01   9.0869599e-02
   7.1468801e-01   9.0685299e-02
   7.1570699e-01   9.0500103e-02
   7.1672580e-01   9.0314011e-02
   7.1774446e-01   9.0127023e-02
   7.1876294e-01   8.9939140e-02
   7.1978127e-01   8.9750363e-02
   7.2079942e-01   8.9560691e-02
   7.2181741e-01   8.9370125e-02
   7.2283524e-01   8.9178665e-02
   7.2385290e-01   8.8986312e-02
   7.2487039e-01   8.8793065e-02
   7.2588772e-01   8.8598926e-02
   7.2690488e-01   8.8403894e-02
   7.2792187e-01   8.8207970e-02
   7.2893870e-01   8.8011154e-02
   7.2995535e-01   8.7813446e-02
   7.3097184e-01   8.7614848e-02
   7.3198817e-01   8.7415358e-02
   7.3300432e-01   8.7214978e-02
   7.3402030e-01   8.7013707e-02
   7.3503612e-01   8.6811547e-02
   7.3605176e-01   8.6608497e-02
   7.3706724e-01   8.6404557e-02
   7.3808254e-01   8.6199729e-02
   7.3909768e-01   8.5994011e-02
   7.4011264e-01   8.5787405e-02
   7.4112744e-01   8.5579911e-02
   7.4214206e-01   8.5371529e-02
   7.4315651e-01   8.5162260e-02
   7.4417079e-01   8.4952103e-02
   7.4518490e-01   8.4741059e-02
   7.4619884e-01   8.4529129e-02
   7.4721260e-01   8.4316312e-02
   7.4822619e-01   8.4102609e-02
   7.4923961e-01   8.3888020e-02
   7.5025285e-01   8.3672545e-02
   7.5126592e-01   8.3456186e-02
   7.5227882e-01   8.3238941e-02
   7.5329154e-01   8.3020812e-02
   7.5430409e-01   8.2801798e-02
   7.5531647e-01   8.2581900e-02
   7.5632867e-01   8.2361118e-02
   7.5734069e-01   8.2139452e-02
   7.5835254e-01   8.1916904e-02
   7.5936421e-01   8.1693472e-02
   7.6037571e-01   8.1469157e-02
   7.6138703e-01   8.1243960e-02
   7.6239817e-01   8.1017880e-02
   7.6340914e-01   8.0790919e-02
   7.6441993e-01   8.0563076e-02
   7.6543054e-01   8.0334351e-02
   7.6644098e-01   8.0104745e-02
   7.6745124e-01   7.9874258e-02
   7.6846132e-01   7.9642891e-02
   7.6947122e-01   7.9410642e-02
   7.7048094e-01   7.9177514e-02
   7.7149048e-01   7.8943506e-02
   7.7249985e-01   7.8708618e-02
   7.7350903e-01   7.8472851e-02
   7.7451804e-01   7.8236204e-02
   7.7552687e-01   7.7998679e-02
   7.7653551e-01   7.7760275e-02
   7.7754398e-01   7.7520992e-02
   7.7855226e-01   7.7280831e-02
   7.7956037e-01   7.7039792e-02
   7.8056829e-01   7.6797875e-02
   7.8157603e-01   7.6555081e-02
   7.8258359e-01   7.6311410e-02
   7.8359097e-01   7.6066861e-02
   7.8459817e-01   7.5821436e-02
   7.8560518e-01   7.5575134e-02
   7.8661201e-01   7.5327955e-02
   7.8761866e-01   7.5079901e-02
   7.8862512e-01   7.4830970e-02
   7.8963141e-01   7.4581164e-02
   7.9063750e-01   7.4330483e-02
   7.9164342e-01   7.4078926e-02
   7.9264915e-01   7.3826494e-02
   7.9365469e-01   7.3573187e-02
   7.9466005e-01   7.3319006e-02
   7.9566523e-01   7.3063950e-02
   7.9667022e-01   7.2808020e-02
   7.9767503e-01   7.2551216e-02
   7.9867965e-01   7.2293538e-02
   7.9968408e-01   7.2034987e-02
   8.0068833e-01   7.1775563e-02
   8.0169239e-01   7.1515265e-02
   8.0269626e-01   7.1254094e-02
   8.0369995e-01   7.0992051e-02
   8.0470345e-01   7.0729134e-02
   8.0570677e-01   7.0465346e-02
   8.0670989e-01   7.0200686e-02
   8.0771283e-01   6.9935153e-02
   8.0871558e-01   6.9668749e-02
   8.0971814e-01   6.9401473e-02
   8.1072052e-01   6.9133326e-02
   8.1172270e-01   6.8864307e-02
   8.1272470e-01   6.8594418e-02
   8.1372651e-01   6.8323657e-02
   8.1472812e-01   6.8052026e-02
   8.1572955e-01   6.7779525e-02
   8.1673079e-01   6.7506153e-02
   8.1773183e-01   6.7231911e-02
   8.1873269e-01   6.6956799e-02
   8.1973336e-01   6.6680818e-02
   8.2073383e-01   6.6403967e-02
   8.2173412e-01   6.6126246e-02
   8.2273421e-01   6.5847656e-02
   8.2373411e-01   6.5568198e-02
   8.2473382e-01   6.5287870e-02
   8.2573334e-01   6.5006673e-02
   8.2673266e-01   6.4724608e-02
   8.2773179e-01   6.4441675e-02
   8.2873073e-01   6.4157873e-02
   8.2972948e-01   6.3873203e-02
   8.3072803e-01   6.3587665e-02
   8.3172639e-01   6.3301260e-02
   8.3272456e-01   6.3013987e-02
   8.3372253e-01   6.2725846e-02
   8.3472031e-01   6.2436838e-02
   8.3571789e-01   6.2146963e-02
   8.3671528e-01   6.1856221e-02
   8.3771247e-01   6.1564612e-02
   8.3870947e-01   6.1272136e-02
   8.3970627e-01   6.0978794e-02
   8.4070288e-01   6.0684585e-02
   8.4169929e-01   6.0389510e-02
   8.4269550e-01   6.0093569e-02
   8.4369152e-01   5.9796762e-02
   8.4468735e-01   5.9499089e-02
   8.4568297e-01   5.9200550e-02
   8.4667840e-01   5.8901145e-02
   8.4767363e-01   5.8600876e-02
   8.4866867e-01   5.8299740e-02
   8.4966350e-01   5.7997740e-02
   8.5065814e-01   5.7694874e-02
   8.5165258e-01   5.7391144e-02
   8.5264682e-01   5.7086548e-02
   8.5364086e-01   5.6781088e-02
   8.5463471e-01   5.6474764e-02
   8.5562835e-01   5.6167575e-02
   8.5662180e-01   5.5859521e-02
   8.5761504e-01   5.5550603e-02
   8.5860809e-01   5.5240821e-02
   8.5960094e-01   5.4930176e-02
   8.6059358e-01   5.4618666e-02
   8.6158603e-01   5.4306292e-02
   8.6257827e-01   5.3993055e-02
   8.6357031e-01   5.3678954e-02
   8.6456216e-01   5.3363990e-02
   8.6555380e-01   5.3048162e-02
   8.6654524e-01   5.2731471e-02
   8.6753647e-01   5.2413917e-02
   8.6852751e-01   5.2095500e-02
   8.6951834e-01   5.1776220e-02
   8.7050897e-01   5.1456077e-02
   8.7149940e-01   5.1135071e-02
   8.7248962e-01   5.0813203e-02
   8.7347964e-01   5.0490472e-02
   8.7446946e-01   5.0166878e-02
   8.7545908e-01   4.9842423e-02
   8.7644849e-01   4.9517104e-02
   8.7743769e-01   4.9190924e-02
   8.7842669e-01   4.8863881e-02
   8.7941549e-01   4.8535977e-02
   8.8040408e-01   4.8207210e-02
   8.8139247e-01   4.7877582e-02
   8.8238065e-01   4.7547091e-02
   8.8336862e-01   4.7215739e-02
   8.8435639e-01   4.6883526e-02
   8.8534395e-01   4.6550450e-02
   8.8633131e-01   4.6216514e-02
   8.8731846e-01   4.5881715e-02
   8.8830541e-01   4.5546056e-02
   8.8929214e-01   4.5209535e-02
   8.9027867e-01   4.4872153e-02
   8.9126499e-01   4.4533909e-02
   8.9225111e-01   4.4194805e-02
   8.9323702e-01   4.3854839e-02
   8.9422271e-01   4.3514013e-02
   8.9520820e-01   4.3172325e-02
   8.9619348e-01   4.2829777e-02
   8.9717856e-01   4.2486368e-02
   8.9816342e-01   4.2142098e-02
   8.9914807e-01   4.1796968e-02
   9.0013252e-01   4.1450976e-02
   9.0111675e-01   4.1104125e-02
   9.0210078e-01   4.0756412e-02
   9.0308459e-01   4.0407839e-02
   9.0406820e-01   4.0058406e-02
   9.0505159e-01   3.9708112e-02
   9.0603477e-01   3.9356958e-02
   9.0701774e-01   3.9004944e-02
   9.0800050e-01   3.8652069e-02
   9.0898305e-01   3.8298334e-02
   9.0996538e-01   3.7943739e-02
   9.1094751e-01   3.7588283e-02
   9.1192942e-01   3.7231968e-02
   9.1291112e-01   3.6874792e-02
   9.1389260e-01   3.6516756e-02
   9.1487387e-01   3.6157861e-02
   9.1585493e-01   3.5798105e-02
   9.1683578e-01   3.5437489e-02
   9.1781641e-01   3.5076013e-02
   9.1879683e-01   3.4713677e-02
   9.1977703e-01   3.4350482e-02
   9.2075702e-01   3.3986426e-02
   9.2173679e-01   3.3621511e-02
   9.2271635e-01   3.3255735e-02
   9.2369570e-01   3.2889100e-02
   9.2467483e-01   3.2521605e-02
   9.2565374e-01   3.2153251e-02
   9.2663243e-01   3.1784036e-02
   9.2761091e-01   3.1413962e-02
   9.2858918e-01   3.1043027e-02
   9.2956723e-01   3.0671233e-02
   9.3054506e-01   3.0298580e-02
   9.3152267e-01   2.9925066e-02
   9.3250006e-01   2.9550693e-02
   9.3347724e-01   2.9175460e-02
   9.3445420e-01   2.8799367e-02
   9.3543094e-01   2.8422415e-02
   9.3640747e-01   2.8044602e-02
   9.3738377e-01   2.7665930e-02
   9.3835986e-01   2.7286399e-02
   9.3933572e-01   2.6906007e-02
   9.4031137e-01   2.6524756e-02
   9.4128680e-01   2.6142644e-02
   9.4226201e-01   2.5759673e-02
   9.4323699e-01   2.5375843e-02
   9.4421176e-01   2.4991152e-02
   9.4518631e-01   2.4605602e-02
   9.4616063e-01   2.4219191e-02
   9.4713474e-01   2.3831921e-02
   9.4810862e-01   2.3443791e-02
   9.4908228e-01   2.3054801e-02
   9.5005572e-01   2.2664951e-02
   9.5102894e-01   2.2274241e-02
   9.5200193e-01   2.1882671e-02
   9.5297471e-01   2.1490241e-02
   9.5394726e-01   2.1096951e-02
   9.5491958e-01   2.0702801e-02
   9.5589169e-01   2.0307791e-02
   9.5686357e-01   1.9911921e-02
   9.5783522e-01   1.9515191e-02
   9.5880665e-01   1.9117600e-02
   9.5977786e-01   1.8719149e-02
   9.6074884e-01   1.8319838e-02
   9.6171960e-01   1.7919666e-02
   9.6269013e-01   1.7518635e-02
   9.6366044e-01   1.7116742e-02
   9.6463052e-01   1.6713990e-02
   9.6560037e-01   1.6310377e-02
   9.6657000e-01   1.5905903e-02
   9.6753941e-01   1.5500569e-02
   9.6850858e-01   1.5094374e-02
   9.6947753e-01   1.4687319e-02
   9.7044625e-01   1.4279402e-02
   9.7141475e-01   1.3870625e-02
   9.7238301e-01   1.3460987e-02
   9.7335105e-01   1.3050489e-02
   9.7431886e-01   1.2639129e-02
   9.7528644e-01   1.2226908e-02
   9.7625380e-01   1.1813827e-02
   9.7722092e-01   1.1399884e-02
   9.7818781e-01   1.0985080e-02
   9.7915448e-01   1.0569415e-02
   9.8012091e-01   1.0152888e-02
   9.8108712e-01   9.7354999e-03
   9.8205309e-01   9.3172505e-03
   9.8301884e-01   8.8981396e-03
   9.8398435e-01   8.4781671e-03
   9.8494963e-01   8.0573329e-03
   9.8591468e-01   7.6356370e-03
   9.8687950e-01   7.2130792e-03
   9.8784409e-01   6.7896596e-03
   9.8880844e-01   6.3653780e-03
   9.8977256e-01   5.9402344e-03
   9.9073645e-01   5.5142287e-03
   9.9170011e-01   5.0873608e-03
   9.9266353e-01   4.6596306e-03
   9.9362672e-01   4.2310380e-03
   9.9458967e-01   3.8015830e-03
   9.9555239e-01   3.3712654e-03
   9.9651488e-01   2.9400852e-03
   9.9747713e-01   2.5080423e-03
   9.9843915e-01   2.0751366e-03
   9.9940093e-01   1.6413680e-03
   1.0003616e+00   1.2069857e-03
