
    1.000000      0.1260000E-02
   0.9968201      0.2181325E-02
   0.9928127      0.3337239E-02
   0.9884174      0.4598404E-02
   0.9836241      0.5965922E-02
   0.9784388      0.7436063E-02
   0.9728854      0.9000019E-02
   0.9670034      0.1064471E-01
   0.9608421      0.1235451E-01
   0.9544540      0.1411328E-01
   0.9478888      0.1590611E-01
   0.9411894      0.1772031E-01
   0.9343904      0.1954576E-01
   0.9275186      0.2137476E-01
   0.9205940      0.2320166E-01
   0.9136309      0.2502239E-01
   0.9066397      0.2683413E-01
   0.8996277      0.2863487E-01
   0.8925999      0.3042327E-01
   0.8855600      0.3219838E-01
   0.8785103      0.3395956E-01
   0.8714527      0.3570638E-01
   0.8643884      0.3743854E-01
   0.8573182      0.3915584E-01
   0.8502428      0.4085813E-01
   0.8431627      0.4254530E-01
   0.8360781      0.4421729E-01
   0.8289895      0.4587404E-01
   0.8218969      0.4751549E-01
   0.8148007      0.4914161E-01
   0.8077009      0.5075235E-01
   0.8005977      0.5234768E-01
   0.7934912      0.5392756E-01
   0.7863816      0.5549195E-01
   0.7792689      0.5704080E-01
   0.7721533      0.5857406E-01
   0.7650349      0.6009170E-01
   0.7579138      0.6159365E-01
   0.7507901      0.6307985E-01
   0.7436639      0.6455026E-01
   0.7365354      0.6600479E-01
   0.7294047      0.6744339E-01
   0.7222718      0.6886598E-01
   0.7151368      0.7027248E-01
   0.7080000      0.7166282E-01
   0.7008613      0.7303690E-01
   0.6937210      0.7439463E-01
   0.6865791      0.7573593E-01
   0.6794357      0.7706068E-01
   0.6722911      0.7836880E-01
   0.6651451      0.7966016E-01
   0.6579981      0.8093466E-01
   0.6508501      0.8219217E-01
   0.6437013      0.8343258E-01
   0.6365517      0.8465576E-01
   0.6294015      0.8586156E-01
   0.6222508      0.8704987E-01
   0.6150998      0.8822052E-01
   0.6079486      0.8937338E-01
   0.6007972      0.9050829E-01
   0.5936459      0.9162509E-01
   0.5864948      0.9272362E-01
   0.5793440      0.9380371E-01
   0.5721937      0.9486518E-01
   0.5650440      0.9590785E-01
   0.5578950      0.9693154E-01
   0.5507469      0.9793605E-01
   0.5435999      0.9892118E-01
   0.5364541      0.9988673E-01
   0.5293097      0.1008325    
   0.5221668      0.1017583    
   0.5150256      0.1026638    
   0.5078862      0.1035489    
   0.5007490      0.1044132    
   0.4936139      0.1052567    
   0.4864813      0.1060789    
   0.4793513      0.1068798    
   0.4722241      0.1076589    
   0.4650999      0.1084160    
   0.4579789      0.1091509    
   0.4508613      0.1098633    
   0.4437474      0.1105529    
   0.4366374      0.1112193    
   0.4295315      0.1118623    
   0.4224299      0.1124815    
   0.4153330      0.1130767    
   0.4082410      0.1136475    
   0.4011542      0.1141935    
   0.3940728      0.1147145    
   0.3869973      0.1152100    
   0.3799278      0.1156796    
   0.3728647      0.1161231    
   0.3658084      0.1165400    
   0.3587593      0.1169300    
   0.3517178      0.1172925    
   0.3446843      0.1176272    
   0.3376593      0.1179338    
   0.3306433      0.1182116    
   0.3236370      0.1184603    
   0.3166409      0.1186794    
   0.3096560      0.1188685    
   0.3026831      0.1190270    
   0.2957233      0.1191544    
   0.2887782      0.1192503    
   0.2818495      0.1193142    
   0.2749395      0.1193456    
   0.2680513      0.1193439    
   0.2611890      0.1193089    
   0.2543579      0.1192400    
   0.2475653      0.1191372    
   0.2408209      0.1190002    
   0.2341379      0.1188295    
   0.2275330      0.1186254    
   0.2210277      0.1183893    
   0.2146527      0.1181232    
   0.2084352      0.1178293    
   0.2024130      0.1175120    
   0.1966572      0.1171594    
   0.1911416      0.1167183    
   0.1857661      0.1161724    
   0.1804890      0.1155308    
   0.1752957      0.1147954    
   0.1701662      0.1139660    
   0.1650869      0.1130437    
   0.1600508      0.1120290    
   0.1550519      0.1109221    
   0.1500860      0.1097232    
   0.1451507      0.1084328    
   0.1402443      0.1070511    
   0.1353661      0.1055786    
   0.1305162      0.1040156    
   0.1256948      0.1023629    
   0.1209031      0.1006213    
   0.1161425      0.9879157E-01
   0.1114149      0.9687498E-01
   0.1067225      0.9487291E-01
   0.1020682      0.9278705E-01
   0.9745521E-01  0.9061945E-01
   0.9288747E-01  0.8837259E-01
   0.8836942E-01  0.8604944E-01
   0.8390623E-01  0.8365363E-01
   0.7950386E-01  0.8118949E-01
   0.7516913E-01  0.7866222E-01
   0.7090980E-01  0.7607804E-01
   0.6673457E-01  0.7344430E-01
   0.6265313E-01  0.7076961E-01
   0.5867600E-01  0.6806390E-01
   0.5481440E-01  0.6533842E-01
   0.5107990E-01  0.6260564E-01
   0.4748399E-01  0.5987898E-01
   0.4403753E-01  0.5717245E-01
   0.4075016E-01  0.5450012E-01
   0.3762966E-01  0.5187551E-01
   0.3468146E-01  0.4931098E-01
   0.3190834E-01  0.4681720E-01
   0.2931029E-01  0.4440271E-01
   0.2688469E-01  0.4207377E-01
   0.2462656E-01  0.3983430E-01
   0.2252911E-01  0.3768608E-01
   0.2058420E-01  0.3562897E-01
   0.1878279E-01  0.3366136E-01
   0.1711552E-01  0.3178042E-01
   0.1557290E-01  0.2998250E-01
   0.1414575E-01  0.2826340E-01
   0.1282528E-01  0.2661865E-01
   0.1160324E-01  0.2504361E-01
   0.1047203E-01  0.2353370E-01
   0.9424672E-02  0.2208445E-01
   0.8454853E-02  0.2069156E-01
   0.7556877E-02  0.1935097E-01
   0.6725625E-02  0.1805886E-01
   0.5956598E-02  0.1681164E-01
   0.5245706E-02  0.1560603E-01
   0.4589490E-02  0.1443894E-01
   0.3984735E-02  0.1330754E-01
   0.3428831E-02  0.1220921E-01
   0.2919433E-02  0.1114162E-01
   0.2454560E-02  0.1010263E-01
   0.2032623E-02  0.9090216E-02
   0.1652093E-02  0.8102451E-02
   0.1312053E-02  0.7137791E-02
   0.1011746E-02  0.6195114E-02
   0.7506573E-03  0.5273520E-02
   0.5284195E-03  0.4371603E-02
   0.3445712E-03  0.3487399E-02
   0.1994323E-03  0.2620410E-02
   0.9362945E-04  0.1772756E-02
   0.2741600E-04  0.9470647E-03
   0.6196310E-06  0.1401636E-03
   0.1399970E-04 -0.6578520E-03
   0.7131630E-04 -0.1456528E-02
   0.1782690E-03 -0.2257920E-02
   0.3403299E-03 -0.3056488E-02
   0.5625544E-03 -0.3845426E-02
   0.8497920E-03 -0.4619615E-02
   0.1205876E-02 -0.5373175E-02
   0.1633452E-02 -0.6099382E-02
   0.2132531E-02 -0.6791486E-02
   0.2701966E-02 -0.7443633E-02
   0.3338470E-02 -0.8051740E-02
   0.4038187E-02 -0.8612998E-02
   0.4796663E-02 -0.9126681E-02
   0.5609897E-02 -0.9593101E-02
   0.6474532E-02 -0.1001386E-01
   0.7388083E-02 -0.1039090E-01
   0.8349102E-02 -0.1072659E-01
   0.9356969E-02 -0.1102320E-01
   0.1041210E-01 -0.1128290E-01
   0.1151556E-01 -0.1150763E-01
   0.1266937E-01 -0.1169897E-01
   0.1387613E-01 -0.1185834E-01
   0.1513935E-01 -0.1198661E-01
   0.1646312E-01 -0.1208459E-01
   0.1785251E-01 -0.1215252E-01
   0.1931333E-01 -0.1219053E-01
   0.2085249E-01 -0.1219822E-01
   0.2247792E-01 -0.1217505E-01
   0.2419889E-01 -0.1211992E-01
   0.2602609E-01 -0.1203153E-01
   0.2797195E-01 -0.1190803E-01
   0.3005080E-01 -0.1174720E-01
   0.3227915E-01 -0.1154634E-01
   0.3467635E-01 -0.1130218E-01
   0.3726509E-01 -0.1101094E-01
   0.4007126E-01 -0.1066822E-01
   0.4312328E-01 -0.1026931E-01
   0.4645175E-01 -0.9809386E-02
   0.5008925E-01 -0.9283729E-02
   0.5406775E-01 -0.8688509E-02
   0.5841329E-01 -0.8021998E-02
   0.6313860E-01 -0.7286209E-02
   0.6823254E-01 -0.6488910E-02
   0.7365347E-01 -0.5644630E-02
   0.7933988E-01 -0.4772320E-02
   0.8522534E-01 -0.3891986E-02
   0.9124725E-01 -0.3022391E-02
   0.9735341E-01 -0.2179441E-02
   0.1035041     -0.1375699E-02
   0.1096712     -0.6206076E-03
   0.1158362      0.7894823E-04
   0.1219876      0.7180210E-03
   0.1281193      0.1293058E-02
   0.1342285      0.1801479E-02
   0.1403151      0.2241356E-02
   0.1463808      0.2611190E-02
   0.1524287      0.2909738E-02
   0.1584636      0.3135883E-02
   0.1644917      0.3288461E-02
   0.1705215      0.3366295E-02
   0.1765626      0.3367777E-02
   0.1826332      0.3290259E-02
   0.1887534      0.3132809E-02
   0.1949400      0.2887620E-02
   0.2012766      0.2551065E-02
   0.2078267      0.2189491E-02
   0.2145389      0.1842322E-02
   0.2213743      0.1511527E-02
   0.2283091      0.1198464E-02
   0.2353202      0.9038280E-03
   0.2423914      0.6277778E-03
   0.2495104      0.3701967E-03
   0.2566680      0.1307291E-03
   0.2638577     -0.9111694E-04
   0.2710744     -0.2959201E-03
   0.2783144     -0.4843097E-03
   0.2855750     -0.6569395E-03
   0.2928540     -0.8144707E-03
   0.3001498     -0.9575615E-03
   0.3074612     -0.1086862E-02
   0.3147869     -0.1203010E-02
   0.3221262     -0.1306625E-02
   0.3294782     -0.1398313E-02
   0.3368424     -0.1478662E-02
   0.3442181     -0.1548242E-02
   0.3516049     -0.1607607E-02
   0.3590022     -0.1657293E-02
   0.3664097     -0.1697823E-02
   0.3738269     -0.1729699E-02
   0.3812534     -0.1753414E-02
   0.3886890     -0.1769441E-02
   0.3961333     -0.1778241E-02
   0.4035859     -0.1780262E-02
   0.4110466     -0.1775937E-02
   0.4185151     -0.1765686E-02
   0.4259912     -0.1749917E-02
   0.4334744     -0.1729026E-02
   0.4409647     -0.1703396E-02
   0.4484617     -0.1673400E-02
   0.4559653     -0.1639398E-02
   0.4634751     -0.1601740E-02
   0.4709910     -0.1560765E-02
   0.4785128     -0.1516801E-02
   0.4860402     -0.1470167E-02
   0.4935730     -0.1421170E-02
   0.5011109     -0.1370111E-02
   0.5086538     -0.1317277E-02
   0.5162012     -0.1262948E-02
   0.5237529     -0.1207395E-02
   0.5313085     -0.1150882E-02
   0.5388674     -0.1093660E-02
   0.5464290     -0.1035979E-02
   0.5539923     -0.9780757E-03
   0.5615558     -0.9201866E-03
   0.5691184     -0.8625355E-03
   0.5766792     -0.8053329E-03
   0.5842378     -0.7487788E-03
   0.5917939     -0.6930623E-03
   0.5993476     -0.6383628E-03
   0.6068986     -0.5848509E-03
   0.6144470     -0.5326877E-03
   0.6219929     -0.4820265E-03
   0.6295364     -0.4330124E-03
   0.6370776     -0.3857822E-03
   0.6446165     -0.3404654E-03
   0.6521533     -0.2971840E-03
   0.6596881     -0.2560523E-03
   0.6672211     -0.2171780E-03
   0.6747523     -0.1806613E-03
   0.6822818     -0.1465956E-03
   0.6898099     -0.1150678E-03
   0.6973365     -0.8615767E-04
   0.7048619     -0.5993862E-04
   0.7123861     -0.3647780E-04
   0.7199093     -0.1583546E-04
   0.7274315      0.1934061E-05
   0.7349529      0.1678267E-04
   0.7424736      0.2866878E-04
   0.7499937      0.3755651E-04
   0.7575133      0.4341613E-04
   0.7650325      0.4622411E-04
   0.7725514      0.4596249E-04
   0.7800701      0.4261934E-04
   0.7875888      0.3618873E-04
   0.7951074      0.2667022E-04
   0.8026261      0.1406927E-04
   0.8101449     -0.1602740E-05
   0.8176640     -0.2032893E-04
   0.8251832     -0.4208660E-04
   0.8327027     -0.6684702E-04
   0.8402224     -0.9457569E-04
   0.8477421     -0.1252321E-03
   0.8552616     -0.1587691E-03
   0.8627804     -0.1951328E-03
   0.8702980     -0.2342619E-03
   0.8778132     -0.2760864E-03
   0.8853246     -0.3205261E-03
   0.8928297     -0.3674882E-03
   0.9003250     -0.4168639E-03
   0.9078053     -0.4685227E-03
   0.9152628     -0.5223054E-03
   0.9226865     -0.5780130E-03
   0.9300604     -0.6353931E-03
   0.9373618     -0.6941214E-03
   0.9445602     -0.7537826E-03
   0.9516151     -0.8138526E-03
   0.9584758     -0.8736915E-03
   0.9650836     -0.9325598E-03
   0.9713766     -0.9896676E-03
   0.9772976     -0.1044257E-02
   0.9828025     -0.1095694E-02
   0.9878671     -0.1143551E-02
   0.9924888     -0.1187630E-02
   0.9966837     -0.1227942E-02
    1.000000     -0.1260000E-02
