NACA 6312
    1.000000      0.1260000E-02
   0.9967319      0.2276546E-02
   0.9926427      0.3542243E-02
   0.9881932      0.4911556E-02
   0.9833781      0.6384137E-02
   0.9782055      0.7955388E-02
   0.9726974      0.9616441E-02
   0.9668881      0.1135491E-01
   0.9608193      0.1315633E-01
   0.9545358      0.1500576E-01
   0.9480805      0.1688917E-01
   0.9414913      0.1879439E-01
   0.9347999      0.2071139E-01
   0.9280316      0.2263232E-01
   0.9212056      0.2455122E-01
   0.9143366      0.2646365E-01
   0.9074353      0.2836640E-01
   0.9005096      0.3025716E-01
   0.8935650      0.3213429E-01
   0.8866056      0.3399661E-01
   0.8796344      0.3584329E-01
   0.8726535      0.3767377E-01
   0.8656643      0.3948761E-01
   0.8586680      0.4128453E-01
   0.8516653      0.4306431E-01
   0.8446570      0.4482679E-01
   0.8376434      0.4657186E-01
   0.8306248      0.4829942E-01
   0.8236017      0.5000940E-01
   0.8165741      0.5170172E-01
   0.8095423      0.5337635E-01
   0.8025065      0.5503321E-01
   0.7954668      0.5667225E-01
   0.7884233      0.5829343E-01
   0.7813762      0.5989668E-01
   0.7743257      0.6148195E-01
   0.7672717      0.6304918E-01
   0.7602146      0.6459831E-01
   0.7531543      0.6612927E-01
   0.7460910      0.6764200E-01
   0.7390247      0.6913642E-01
   0.7319558      0.7061246E-01
   0.7248841      0.7207003E-01
   0.7178099      0.7350907E-01
   0.7107333      0.7492947E-01
   0.7036544      0.7633115E-01
   0.6965734      0.7771401E-01
   0.6894902      0.7907796E-01
   0.6824051      0.8042289E-01
   0.6753183      0.8174869E-01
   0.6682297      0.8305525E-01
   0.6611396      0.8434246E-01
   0.6540480      0.8561020E-01
   0.6469551      0.8685834E-01
   0.6398611      0.8808675E-01
   0.6327660      0.8929530E-01
   0.6256700      0.9048384E-01
   0.6185732      0.9165225E-01
   0.6114758      0.9280036E-01
   0.6043779      0.9392803E-01
   0.5972797      0.9503510E-01
   0.5901813      0.9612141E-01
   0.5830828      0.9718678E-01
   0.5759843      0.9823106E-01
   0.5688862      0.9925405E-01
   0.5617884      0.1002556    
   0.5546912      0.1012355    
   0.5475947      0.1021935    
   0.5404991      0.1031295    
   0.5334045      0.1040432    
   0.5263112      0.1049345    
   0.5192192      0.1058031    
   0.5121289      0.1066488    
   0.5050403      0.1074714    
   0.4979537      0.1082707    
   0.4908692      0.1090464    
   0.4837871      0.1097982    
   0.4767075      0.1105259    
   0.4696307      0.1112293    
   0.4625570      0.1119081    
   0.4554865      0.1125620    
   0.4484195      0.1131907    
   0.4413562      0.1137940    
   0.4342971      0.1143716    
   0.4272423      0.1149231    
   0.4201922      0.1154483    
   0.4131473      0.1159468    
   0.4061080      0.1164183    
   0.3990749      0.1168625    
   0.3920485      0.1172790    
   0.3850298      0.1176675    
   0.3780197      0.1180277    
   0.3710196      0.1183590    
   0.3640312      0.1186613    
   0.3570568      0.1189340    
   0.3500993      0.1191768    
   0.3431631      0.1193894    
   0.3362536      0.1195712    
   0.3293768      0.1197222    
   0.3225457      0.1198423    
   0.3157726      0.1199302    
   0.3090642      0.1199875    
   0.3024594      0.1200180    
   0.2959957      0.1200028    
   0.2896477      0.1199217    
   0.2833791      0.1197707    
   0.2771690      0.1195498    
   0.2710050      0.1192609    
   0.2648783      0.1189042    
   0.2587823      0.1184799    
   0.2527126      0.1179881    
   0.2466664      0.1174288    
   0.2406416      0.1168020    
   0.2346371      0.1161077    
   0.2286523      0.1153458    
   0.2226869      0.1145163    
   0.2167411      0.1136191    
   0.2108153      0.1126543    
   0.2049100      0.1116218    
   0.1990259      0.1105217    
   0.1931639      0.1093540    
   0.1873252      0.1081189    
   0.1815107      0.1068165    
   0.1757219      0.1054470    
   0.1699601      0.1040106    
   0.1642268      0.1025075    
   0.1585240      0.1009382    
   0.1528534      0.9930302E-01
   0.1472172      0.9760253E-01
   0.1416177      0.9583734E-01
   0.1360577      0.9400825E-01
   0.1305402      0.9211619E-01
   0.1250684      0.9016232E-01
   0.1196464      0.8814805E-01
   0.1142785      0.8607512E-01
   0.1089697      0.8394564E-01
   0.1037258      0.8176217E-01
   0.9855323E-01  0.7952787E-01
   0.9345953E-01  0.7724653E-01
   0.8845307E-01  0.7492272E-01
   0.8354326E-01  0.7256188E-01
   0.7874049E-01  0.7017040E-01
   0.7405601E-01  0.6775571E-01
   0.6950177E-01  0.6532624E-01
   0.6509008E-01  0.6289134E-01
   0.6083315E-01  0.6046116E-01
   0.5674256E-01  0.5804630E-01
   0.5282864E-01  0.5565750E-01
   0.4909987E-01  0.5330519E-01
   0.4556240E-01  0.5099904E-01
   0.4221967E-01  0.4874752E-01
   0.3907228E-01  0.4655768E-01
   0.3611809E-01  0.4443484E-01
   0.3335249E-01  0.4238266E-01
   0.3076886E-01  0.4040310E-01
   0.2835899E-01  0.3849670E-01
   0.2611363E-01  0.3666272E-01
   0.2402294E-01  0.3489943E-01
   0.2207686E-01  0.3320437E-01
   0.2026547E-01  0.3157454E-01
   0.1857911E-01  0.3000662E-01
   0.1700867E-01  0.2849710E-01
   0.1554561E-01  0.2704241E-01
   0.1418201E-01  0.2563900E-01
   0.1291062E-01  0.2428344E-01
   0.1172483E-01  0.2297239E-01
   0.1061866E-01  0.2170272E-01
   0.9586719E-02  0.2047144E-01
   0.8624169E-02  0.1927576E-01
   0.7726726E-02  0.1811306E-01
   0.6890500E-02  0.1698093E-01
   0.6112174E-02  0.1587710E-01
   0.5388680E-02  0.1479950E-01
   0.4717497E-02  0.1374623E-01
   0.4096287E-02  0.1271551E-01
   0.3523141E-02  0.1170575E-01
   0.2996443E-02  0.1071552E-01
   0.2514773E-02  0.9743580E-02
   0.2077089E-02  0.8788777E-02
   0.1682347E-02  0.7849983E-02
   0.1329947E-02  0.6926415E-02
   0.1019471E-02  0.6017672E-02
   0.7506038E-03  0.5123590E-02
   0.5230477E-03  0.4243547E-02
   0.3363852E-03  0.3376278E-02
   0.1907193E-03  0.2522038E-02
   0.8640561E-04  0.1683783E-02
   0.2317600E-04  0.8646376E-03
   0.1186628E-06  0.6113815E-04
   0.1752213E-04 -0.7372794E-03
   0.7844905E-04 -0.1540569E-02
   0.1876490E-03 -0.2350809E-02
   0.3491857E-03 -0.3162636E-02
   0.5663793E-03 -0.3970220E-02
   0.8424360E-03 -0.4769947E-02
   0.1179770E-02 -0.5558236E-02
   0.1580127E-02 -0.6330691E-02
   0.2043635E-02 -0.7083053E-02
   0.2569995E-02 -0.7811466E-02
   0.3157862E-02 -0.8513225E-02
   0.3805519E-02 -0.9185932E-02
   0.4510944E-02 -0.9828403E-02
   0.5272041E-02 -0.1043985E-01
   0.6087154E-02 -0.1102040E-01
   0.6954719E-02 -0.1157044E-01
   0.7873973E-02 -0.1209080E-01
   0.8844341E-02 -0.1258249E-01
   0.9866140E-02 -0.1304656E-01
   0.1093994E-01 -0.1348416E-01
   0.1206714E-01 -0.1389630E-01
   0.1324949E-01 -0.1428402E-01
   0.1448948E-01 -0.1464811E-01
   0.1579006E-01 -0.1498937E-01
   0.1715489E-01 -0.1530829E-01
   0.1858819E-01 -0.1560536E-01
   0.2009494E-01 -0.1588077E-01
   0.2168085E-01 -0.1613462E-01
   0.2335248E-01 -0.1636673E-01
   0.2511727E-01 -0.1657681E-01
   0.2698374E-01 -0.1676424E-01
   0.2896148E-01 -0.1692826E-01
   0.3106139E-01 -0.1706775E-01
   0.3329572E-01 -0.1718140E-01
   0.3567822E-01 -0.1726747E-01
   0.3822425E-01 -0.1732397E-01
   0.4095077E-01 -0.1734851E-01
   0.4387636E-01 -0.1733831E-01
   0.4702102E-01 -0.1729026E-01
   0.5040578E-01 -0.1720093E-01
   0.5405211E-01 -0.1706661E-01
   0.5798094E-01 -0.1688356E-01
   0.6221134E-01 -0.1664818E-01
   0.6675891E-01 -0.1635734E-01
   0.7163401E-01 -0.1600873E-01
   0.7684011E-01 -0.1560129E-01
   0.8237255E-01 -0.1513551E-01
   0.8821816E-01 -0.1461371E-01
   0.9435567E-01 -0.1403999E-01
   0.1007569     -0.1342014E-01
   0.1073883     -0.1276135E-01
   0.1142121     -0.1207184E-01
   0.1211872     -0.1136051E-01
   0.1282683     -0.1063679E-01
   0.1354098     -0.9909985E-02
   0.1425783     -0.9187717E-02
   0.1497516     -0.8476013E-02
   0.1569152     -0.7779600E-02
   0.1640606     -0.7102189E-02
   0.1711830     -0.6446726E-02
   0.1782801     -0.5815588E-02
   0.1853513     -0.5210732E-02
   0.1923970     -0.4633801E-02
   0.1994181     -0.4086203E-02
   0.2064161     -0.3569164E-02
   0.2133924     -0.3083772E-02
   0.2203488     -0.2631004E-02
   0.2272870     -0.2211747E-02
   0.2342092     -0.1826812E-02
   0.2411173     -0.1476952E-02
   0.2480140     -0.1162874E-02
   0.2549022     -0.8852486E-03
   0.2617857     -0.6447064E-03
   0.2686690     -0.4419458E-03
   0.2755593     -0.2776164E-03
   0.2824642     -0.1522123E-03
   0.2893950     -0.6754645E-04
   0.2963738     -0.2372792E-04
   0.3034237     -0.1303724E-04
   0.3105586     -0.6252755E-05
   0.3177767      0.1501838E-04
   0.3250589      0.4488122E-04
   0.3323848      0.8317726E-04
   0.3397469      0.1300968E-03
   0.3471380      0.1846663E-03
   0.3545516      0.2463945E-03
   0.3619842      0.3147538E-03
   0.3694327      0.3891725E-03
   0.3768950      0.4691259E-03
   0.3843694      0.5540998E-03
   0.3918547      0.6435926E-03
   0.3993499      0.7371201E-03
   0.4068542      0.8342135E-03
   0.4143669      0.9344177E-03
   0.4218874      0.1037291E-02
   0.4294151      0.1142406E-02
   0.4369492      0.1249346E-02
   0.4444891      0.1357706E-02
   0.4520337      0.1467089E-02
   0.4595820      0.1577109E-02
   0.4671322      0.1687383E-02
   0.4746823      0.1797536E-02
   0.4822307      0.1907212E-02
   0.4897763      0.2016073E-02
   0.4973185      0.2123804E-02
   0.5048569      0.2230104E-02
   0.5123913      0.2334685E-02
   0.5199214      0.2437275E-02
   0.5274475      0.2537613E-02
   0.5349694      0.2635450E-02
   0.5424874      0.2730548E-02
   0.5500014      0.2822679E-02
   0.5575117      0.2911625E-02
   0.5650183      0.2997179E-02
   0.5725214      0.3079139E-02
   0.5800211      0.3157318E-02
   0.5875176      0.3231532E-02
   0.5950111      0.3301608E-02
   0.6025016      0.3367381E-02
   0.6099892      0.3428695E-02
   0.6174742      0.3485398E-02
   0.6249567      0.3537349E-02
   0.6324368      0.3584414E-02
   0.6399145      0.3626464E-02
   0.6473902      0.3663379E-02
   0.6548638      0.3695046E-02
   0.6623355      0.3721358E-02
   0.6698054      0.3742215E-02
   0.6772736      0.3757522E-02
   0.6847403      0.3767194E-02
   0.6922055      0.3771149E-02
   0.6996694      0.3769312E-02
   0.7071320      0.3761616E-02
   0.7145936      0.3747998E-02
   0.7220541      0.3728401E-02
   0.7295138      0.3702775E-02
   0.7369726      0.3671075E-02
   0.7444307      0.3633263E-02
   0.7518883      0.3589306E-02
   0.7593453      0.3539176E-02
   0.7668019      0.3482852E-02
   0.7742582      0.3420317E-02
   0.7817143      0.3351560E-02
   0.7891702      0.3276578E-02
   0.7966260      0.3195369E-02
   0.8040818      0.3107942E-02
   0.8115376      0.3014306E-02
   0.8189934      0.2914481E-02
   0.8264493      0.2808489E-02
   0.8339050      0.2696361E-02
   0.8413606      0.2578135E-02
   0.8488158      0.2453854E-02
   0.8562700      0.2323572E-02
   0.8637229      0.2187355E-02
   0.8711734      0.2045279E-02
   0.8786201      0.1897439E-02
   0.8860611      0.1743952E-02
   0.8934936      0.1584968E-02
   0.9009132      0.1420675E-02
   0.9083142      0.1251322E-02
   0.9156880      0.1077240E-02
   0.9230228      0.8988694E-03
   0.9303023      0.7168007E-03
   0.9375042      0.5318212E-03
   0.9445993      0.3449630E-03
   0.9515504      0.1575432E-03
   0.9583126     -0.2882569E-04
   0.9648350     -0.2122775E-03
   0.9710650     -0.3908088E-03
   0.9769539     -0.5624654E-03
   0.9824637     -0.7255589E-03
   0.9875714     -0.8788515E-03
   0.9922714     -0.1021650E-02
   0.9965734     -0.1153790E-02
    1.000000     -0.1260000E-02
