   9.9975309e-01  -1.2355713e-03
   9.9872459e-01  -1.1731802e-03
   9.9769660e-01  -1.1110495e-03
   9.9666873e-01  -1.0491002e-03
   9.9564099e-01  -9.8733265e-04
   9.9461337e-01  -9.2574709e-04
   9.9358587e-01  -8.6434380e-04
   9.9255849e-01  -8.0312308e-04
   9.9153123e-01  -7.4208522e-04
   9.9050409e-01  -6.8123049e-04
   9.8947708e-01  -6.2055917e-04
   9.8845018e-01  -5.6007154e-04
   9.8742341e-01  -4.9976789e-04
   9.8639675e-01  -4.3964849e-04
   9.8537022e-01  -3.7971361e-04
   9.8434380e-01  -3.1996352e-04
   9.8331751e-01  -2.6039851e-04
   9.8229133e-01  -2.0101883e-04
   9.8126527e-01  -1.4182476e-04
   9.8023933e-01  -8.2816572e-05
   9.7921351e-01  -2.3994522e-05
   9.7818781e-01   3.4641121e-05
   9.7716223e-01   9.3090094e-05
   9.7613676e-01   1.5135214e-04
   9.7511142e-01   2.0942698e-04
   9.7408619e-01   2.6731438e-04
   9.7306108e-01   3.2501407e-04
   9.7203608e-01   3.8252580e-04
   9.7101121e-01   4.3984931e-04
   9.6998644e-01   4.9698434e-04
   9.6896180e-01   5.5393066e-04
   9.6793727e-01   6.1068800e-04
   9.6691286e-01   6.6725612e-04
   9.6588857e-01   7.2363477e-04
   9.6486439e-01   7.7982371e-04
   9.6384033e-01   8.3582269e-04
   9.6281638e-01   8.9163147e-04
   9.6179255e-01   9.4724981e-04
   9.6076883e-01   1.0026775e-03
   9.5974523e-01   1.0579142e-03
   9.5872174e-01   1.1129598e-03
   9.5769837e-01   1.1678140e-03
   9.5667512e-01   1.2224766e-03
   9.5565197e-01   1.2769473e-03
   9.5462894e-01   1.3312259e-03
   9.5360603e-01   1.3853122e-03
   9.5258323e-01   1.4392060e-03
   9.5156054e-01   1.4929070e-03
   9.5053796e-01   1.5464150e-03
   9.4951550e-01   1.5997298e-03
   9.4849315e-01   1.6528511e-03
   9.4747092e-01   1.7057788e-03
   9.4644880e-01   1.7585126e-03
   9.4542679e-01   1.8110524e-03
   9.4440489e-01   1.8633978e-03
   9.4338310e-01   1.9155487e-03
   9.4236143e-01   1.9675048e-03
   9.4133986e-01   2.0192661e-03
   9.4031841e-01   2.0708321e-03
   9.3929707e-01   2.1222028e-03
   9.3827585e-01   2.1733779e-03
   9.3725473e-01   2.2243573e-03
   9.3623372e-01   2.2751406e-03
   9.3521283e-01   2.3257278e-03
   9.3419204e-01   2.3761186e-03
   9.3317137e-01   2.4263129e-03
   9.3215080e-01   2.4763103e-03
   9.3113035e-01   2.5261108e-03
   9.3011000e-01   2.5757141e-03
   9.2908977e-01   2.6251201e-03
   9.2806964e-01   2.6743285e-03
   9.2704963e-01   2.7233391e-03
   9.2602972e-01   2.7721519e-03
   9.2500992e-01   2.8207665e-03
   9.2399023e-01   2.8691828e-03
   9.2297065e-01   2.9174007e-03
   9.2195118e-01   2.9654199e-03
   9.2093182e-01   3.0132402e-03
   9.1991256e-01   3.0608615e-03
   9.1889341e-01   3.1082836e-03
   9.1787437e-01   3.1555064e-03
   9.1685544e-01   3.2025296e-03
   9.1583661e-01   3.2493530e-03
   9.1481790e-01   3.2959766e-03
   9.1379929e-01   3.3424001e-03
   9.1278078e-01   3.3886234e-03
   9.1176239e-01   3.4346463e-03
   9.1074410e-01   3.4804686e-03
   9.0972591e-01   3.5260902e-03
   9.0870784e-01   3.5715109e-03
   9.0768987e-01   3.6167306e-03
   9.0667200e-01   3.6617491e-03
   9.0565424e-01   3.7065662e-03
   9.0463659e-01   3.7511817e-03
   9.0361904e-01   3.7955957e-03
   9.0260160e-01   3.8398077e-03
   9.0158426e-01   3.8838179e-03
   9.0056703e-01   3.9276258e-03
   8.9954990e-01   3.9712316e-03
   8.9853288e-01   4.0146349e-03
   8.9751596e-01   4.0578356e-03
   8.9649915e-01   4.1008336e-03
   8.9548244e-01   4.1436288e-03
   8.9446584e-01   4.1862210e-03
   8.9344933e-01   4.2286101e-03
   8.9243294e-01   4.2707960e-03
   8.9141664e-01   4.3127784e-03
   8.9040045e-01   4.3545573e-03
   8.8938437e-01   4.3961325e-03
   8.8836838e-01   4.4375040e-03
   8.8735250e-01   4.4786715e-03
   8.8633673e-01   4.5196350e-03
   8.8532105e-01   4.5603943e-03
   8.8430548e-01   4.6009494e-03
   8.8329001e-01   4.6413000e-03
   8.8227464e-01   4.6814461e-03
   8.8125938e-01   4.7213875e-03
   8.8024422e-01   4.7611242e-03
   8.7922916e-01   4.8006559e-03
   8.7821420e-01   4.8399827e-03
   8.7719934e-01   4.8791043e-03
   8.7618458e-01   4.9180208e-03
   8.7516993e-01   4.9567318e-03
   8.7415537e-01   4.9952375e-03
   8.7314092e-01   5.0335376e-03
   8.7212657e-01   5.0716320e-03
   8.7111232e-01   5.1095207e-03
   8.7009817e-01   5.1472036e-03
   8.6908412e-01   5.1846804e-03
   8.6807017e-01   5.2219513e-03
   8.6705632e-01   5.2590159e-03
   8.6604257e-01   5.2958744e-03
   8.6502892e-01   5.3325264e-03
   8.6401537e-01   5.3689721e-03
   8.6300192e-01   5.4052112e-03
   8.6198857e-01   5.4412438e-03
   8.6097531e-01   5.4770696e-03
   8.5996216e-01   5.5126887e-03
   8.5894911e-01   5.5481009e-03
   8.5793615e-01   5.5833061e-03
   8.5692330e-01   5.6183043e-03
   8.5591054e-01   5.6530955e-03
   8.5489788e-01   5.6876794e-03
   8.5388532e-01   5.7220561e-03
   8.5287286e-01   5.7562255e-03
   8.5186049e-01   5.7901874e-03
   8.5084822e-01   5.8239419e-03
   8.4983605e-01   5.8574889e-03
   8.4882398e-01   5.8908282e-03
   8.4781201e-01   5.9239599e-03
   8.4680013e-01   5.9568839e-03
   8.4578835e-01   5.9896000e-03
   8.4477667e-01   6.0221083e-03
   8.4376508e-01   6.0544087e-03
   8.4275360e-01   6.0865011e-03
   8.4174220e-01   6.1183855e-03
   8.4073091e-01   6.1500618e-03
   8.3971971e-01   6.1815299e-03
   8.3870861e-01   6.2127899e-03
   8.3769760e-01   6.2438417e-03
   8.3668669e-01   6.2746852e-03
   8.3567588e-01   6.3053203e-03
   8.3466516e-01   6.3357471e-03
   8.3365453e-01   6.3659655e-03
   8.3264400e-01   6.3959754e-03
   8.3163357e-01   6.4257769e-03
   8.3062323e-01   6.4553698e-03
   8.2961299e-01   6.4847542e-03
   8.2860285e-01   6.5139299e-03
   8.2759279e-01   6.5428971e-03
   8.2658283e-01   6.5716556e-03
   8.2557297e-01   6.6002054e-03
   8.2456320e-01   6.6285465e-03
   8.2355353e-01   6.6566789e-03
   8.2254395e-01   6.6846025e-03
   8.2153446e-01   6.7123173e-03
   8.2052507e-01   6.7398233e-03
   8.1951577e-01   6.7671206e-03
   8.1850657e-01   6.7942089e-03
   8.1749745e-01   6.8210885e-03
   8.1648844e-01   6.8477591e-03
   8.1547951e-01   6.8742209e-03
   8.1447068e-01   6.9004738e-03
   8.1346194e-01   6.9265179e-03
   8.1245330e-01   6.9523530e-03
   8.1144474e-01   6.9779792e-03
   8.1043628e-01   7.0033965e-03
   8.0942792e-01   7.0286050e-03
   8.0841964e-01   7.0536045e-03
   8.0741146e-01   7.0783951e-03
   8.0640337e-01   7.1029768e-03
   8.0539537e-01   7.1273496e-03
   8.0438746e-01   7.1515135e-03
   8.0337965e-01   7.1754686e-03
   8.0237192e-01   7.1992148e-03
   8.0136429e-01   7.2227521e-03
   8.0035675e-01   7.2460806e-03
   7.9934930e-01   7.2692003e-03
   7.9834194e-01   7.2921112e-03
   7.9733468e-01   7.3148133e-03
   7.9632750e-01   7.3373066e-03
   7.9532041e-01   7.3595912e-03
   7.9431342e-01   7.3816671e-03
   7.9330652e-01   7.4035343e-03
   7.9229970e-01   7.4251928e-03
   7.9129298e-01   7.4466427e-03
   7.9028635e-01   7.4678840e-03
   7.8927980e-01   7.4889168e-03
   7.8827335e-01   7.5097410e-03
   7.8726699e-01   7.5303567e-03
   7.8626071e-01   7.5507640e-03
   7.8525453e-01   7.5709628e-03
   7.8424843e-01   7.5909533e-03
   7.8324243e-01   7.6107355e-03
   7.8223651e-01   7.6303094e-03
   7.8123069e-01   7.6496750e-03
   7.8022495e-01   7.6688325e-03
   7.7921930e-01   7.6877818e-03
   7.7821374e-01   7.7065231e-03
   7.7720827e-01   7.7250563e-03
   7.7620288e-01   7.7433816e-03
   7.7519759e-01   7.7614990e-03
   7.7419238e-01   7.7794085e-03
   7.7318726e-01   7.7971103e-03
   7.7218223e-01   7.8146043e-03
   7.7117729e-01   7.8318907e-03
   7.7017244e-01   7.8489694e-03
   7.6916767e-01   7.8658407e-03
   7.6816299e-01   7.8825045e-03
   7.6715840e-01   7.8989609e-03
   7.6615389e-01   7.9152101e-03
   7.6514948e-01   7.9312520e-03
   7.6414515e-01   7.9470868e-03
   7.6314090e-01   7.9627145e-03
   7.6213675e-01   7.9781352e-03
   7.6113268e-01   7.9933490e-03
   7.6012869e-01   8.0083560e-03
   7.5912480e-01   8.0231563e-03
   7.5812099e-01   8.0377499e-03
   7.5711726e-01   8.0521370e-03
   7.5611363e-01   8.0663177e-03
   7.5511007e-01   8.0802919e-03
   7.5410661e-01   8.0940600e-03
   7.5310323e-01   8.1076218e-03
   7.5209993e-01   8.1209776e-03
   7.5109672e-01   8.1341274e-03
   7.5009360e-01   8.1470714e-03
   7.4909056e-01   8.1598096e-03
   7.4808761e-01   8.1723422e-03
   7.4708474e-01   8.1846692e-03
   7.4608196e-01   8.1967908e-03
   7.4507926e-01   8.2087071e-03
   7.4407665e-01   8.2204182e-03
   7.4307412e-01   8.2319242e-03
   7.4207168e-01   8.2432252e-03
   7.4106932e-01   8.2543214e-03
   7.4006704e-01   8.2652129e-03
   7.3906485e-01   8.2758998e-03
   7.3806275e-01   8.2863822e-03
   7.3706072e-01   8.2966603e-03
   7.3605878e-01   8.3067342e-03
   7.3505693e-01   8.3166040e-03
   7.3405516e-01   8.3262698e-03
   7.3305347e-01   8.3357318e-03
   7.3205186e-01   8.3449902e-03
   7.3105034e-01   8.3540450e-03
   7.3004890e-01   8.3628964e-03
   7.2904755e-01   8.3715446e-03
   7.2804628e-01   8.3799896e-03
   7.2704509e-01   8.3882317e-03
   7.2604398e-01   8.3962710e-03
   7.2504296e-01   8.4041077e-03
   7.2404201e-01   8.4117418e-03
   7.2304116e-01   8.4191735e-03
   7.2204038e-01   8.4264031e-03
   7.2103968e-01   8.4334306e-03
   7.2003907e-01   8.4402563e-03
   7.1903854e-01   8.4468802e-03
   7.1803809e-01   8.4533026e-03
   7.1703772e-01   8.4595236e-03
   7.1603744e-01   8.4655433e-03
   7.1503723e-01   8.4713621e-03
   7.1403711e-01   8.4769799e-03
   7.1303707e-01   8.4823970e-03
   7.1203710e-01   8.4876136e-03
   7.1103722e-01   8.4926299e-03
   7.1003742e-01   8.4974459e-03
   7.0903771e-01   8.5020620e-03
   7.0803807e-01   8.5064783e-03
   7.0703851e-01   8.5106949e-03
   7.0603903e-01   8.5147121e-03
   7.0503964e-01   8.5185301e-03
   7.0404032e-01   8.5221490e-03
   7.0304108e-01   8.5255690e-03
   7.0204193e-01   8.5287904e-03
   7.0104285e-01   8.5318133e-03
   7.0004385e-01   8.5346379e-03
   6.9904494e-01   8.5372644e-03
   6.9804610e-01   8.5396931e-03
   6.9704734e-01   8.5419241e-03
   6.9604866e-01   8.5439576e-03
   6.9505006e-01   8.5457939e-03
   6.9405154e-01   8.5474332e-03
   6.9305310e-01   8.5488756e-03
   6.9205473e-01   8.5501214e-03
   6.9105645e-01   8.5511708e-03
   6.9005824e-01   8.5520241e-03
   6.8906011e-01   8.5526813e-03
   6.8806206e-01   8.5531429e-03
   6.8706409e-01   8.5534089e-03
   6.8606620e-01   8.5534797e-03
   6.8506838e-01   8.5533554e-03
   6.8407064e-01   8.5530363e-03
   6.8307298e-01   8.5525225e-03
   6.8207540e-01   8.5518145e-03
   6.8107790e-01   8.5509123e-03
   6.8008047e-01   8.5498162e-03
   6.7908312e-01   8.5485265e-03
   6.7808585e-01   8.5470434e-03
   6.7708865e-01   8.5453671e-03
   6.7609153e-01   8.5434979e-03
   6.7509449e-01   8.5414361e-03
   6.7409752e-01   8.5391819e-03
   6.7310064e-01   8.5367355e-03
   6.7210382e-01   8.5340972e-03
   6.7110709e-01   8.5312673e-03
   6.7011043e-01   8.5282460e-03
   6.6911384e-01   8.5250335e-03
   6.6811733e-01   8.5216303e-03
   6.6712090e-01   8.5180364e-03
   6.6612455e-01   8.5142522e-03
   6.6512826e-01   8.5102779e-03
   6.6413206e-01   8.5061139e-03
   6.6313593e-01   8.5017603e-03
   6.6213987e-01   8.4972176e-03
   6.6114389e-01   8.4924858e-03
   6.6014799e-01   8.4875654e-03
   6.5915216e-01   8.4824566e-03
   6.5815640e-01   8.4771597e-03
   6.5716072e-01   8.4716750e-03
   6.5616512e-01   8.4660027e-03
   6.5516959e-01   8.4601432e-03
   6.5417413e-01   8.4540967e-03
   6.5317875e-01   8.4478636e-03
   6.5218344e-01   8.4414441e-03
   6.5118820e-01   8.4348386e-03
   6.5019304e-01   8.4280473e-03
   6.4919795e-01   8.4210705e-03
   6.4820294e-01   8.4139086e-03
   6.4720800e-01   8.4065619e-03
   6.4621313e-01   8.3990306e-03
   6.4521834e-01   8.3913151e-03
   6.4422361e-01   8.3834157e-03
   6.4322897e-01   8.3753326e-03
   6.4223439e-01   8.3670664e-03
   6.4123989e-01   8.3586171e-03
   6.4024546e-01   8.3499853e-03
   6.3925110e-01   8.3411711e-03
   6.3825681e-01   8.3321750e-03
   6.3726260e-01   8.3229972e-03
   6.3626846e-01   8.3136381e-03
   6.3527439e-01   8.3040980e-03
   6.3428039e-01   8.2943772e-03
   6.3328647e-01   8.2844762e-03
   6.3229261e-01   8.2743952e-03
   6.3129883e-01   8.2641345e-03
   6.3030512e-01   8.2536946e-03
   6.2931147e-01   8.2430757e-03
   6.2831791e-01   8.2322783e-03
   6.2732441e-01   8.2213026e-03
   6.2633098e-01   8.2101490e-03
   6.2533762e-01   8.1988179e-03
   6.2434433e-01   8.1873097e-03
   6.2335112e-01   8.1756246e-03
   6.2235797e-01   8.1637631e-03
   6.2136490e-01   8.1517255e-03
   6.2037189e-01   8.1395122e-03
   6.1937895e-01   8.1271235e-03
   6.1838609e-01   8.1145599e-03
   6.1739329e-01   8.1018217e-03
   6.1640056e-01   8.0889092e-03
   6.1540790e-01   8.0758229e-03
   6.1441531e-01   8.0625632e-03
   6.1342279e-01   8.0491303e-03
   6.1243034e-01   8.0355248e-03
   6.1143796e-01   8.0217470e-03
   6.1044565e-01   8.0077972e-03
   6.0945340e-01   7.9936759e-03
   6.0846123e-01   7.9793835e-03
   6.0746912e-01   7.9649204e-03
   6.0647708e-01   7.9502869e-03
   6.0548510e-01   7.9354835e-03
   6.0449320e-01   7.9205106e-03
   6.0350136e-01   7.9053685e-03
   6.0250959e-01   7.8900577e-03
   6.0151789e-01   7.8745787e-03
   6.0052626e-01   7.8589317e-03
   5.9953469e-01   7.8431172e-03
   5.9854319e-01   7.8271357e-03
   5.9755176e-01   7.8109876e-03
   5.9656039e-01   7.7946732e-03
   5.9556909e-01   7.7781931e-03
   5.9457786e-01   7.7615476e-03
   5.9358669e-01   7.7447372e-03
   5.9259559e-01   7.7277622e-03
   5.9160455e-01   7.7106232e-03
   5.9061359e-01   7.6933206e-03
   5.8962268e-01   7.6758548e-03
   5.8863184e-01   7.6582263e-03
   5.8764107e-01   7.6404354e-03
   5.8665036e-01   7.6224827e-03
   5.8565972e-01   7.6043686e-03
   5.8466915e-01   7.5860935e-03
   5.8367863e-01   7.5676580e-03
   5.8268819e-01   7.5490624e-03
   5.8169781e-01   7.5303072e-03
   5.8070749e-01   7.5113929e-03
   5.7971723e-01   7.4923199e-03
   5.7872704e-01   7.4730888e-03
   5.7773692e-01   7.4536999e-03
   5.7674686e-01   7.4341538e-03
   5.7575686e-01   7.4144509e-03
   5.7476693e-01   7.3945917e-03
   5.7377705e-01   7.3745767e-03
   5.7278725e-01   7.3544064e-03
   5.7179750e-01   7.3340812e-03
   5.7080782e-01   7.3136016e-03
   5.6981820e-01   7.2929682e-03
   5.6882865e-01   7.2721814e-03
   5.6783915e-01   7.2512416e-03
   5.6684972e-01   7.2301495e-03
   5.6586035e-01   7.2089055e-03
   5.6487105e-01   7.1875101e-03
   5.6388180e-01   7.1659639e-03
   5.6289262e-01   7.1442672e-03
   5.6190350e-01   7.1224207e-03
   5.6091444e-01   7.1004248e-03
   5.5992544e-01   7.0782801e-03
   5.5893650e-01   7.0559870e-03
   5.5794762e-01   7.0335462e-03
   5.5695881e-01   7.0109580e-03
   5.5597005e-01   6.9882231e-03
   5.5498136e-01   6.9653420e-03
   5.5399272e-01   6.9423152e-03
   5.5300415e-01   6.9191433e-03
   5.5201563e-01   6.8958267e-03
   5.5102718e-01   6.8723660e-03
   5.5003878e-01   6.8487618e-03
   5.4905045e-01   6.8250146e-03
   5.4806217e-01   6.8011249e-03
   5.4707395e-01   6.7770933e-03
   5.4608580e-01   6.7529204e-03
   5.4509770e-01   6.7286067e-03
   5.4410966e-01   6.7041527e-03
   5.4312167e-01   6.6795591e-03
   5.4213375e-01   6.6548264e-03
   5.4114589e-01   6.6299551e-03
   5.4015808e-01   6.6049458e-03
   5.3917033e-01   6.5797992e-03
   5.3818264e-01   6.5545157e-03
   5.3719500e-01   6.5290959e-03
   5.3620743e-01   6.5035405e-03
   5.3521991e-01   6.4778500e-03
   5.3423244e-01   6.4520250e-03
   5.3324504e-01   6.4260661e-03
   5.3225769e-01   6.3999739e-03
   5.3127040e-01   6.3737489e-03
   5.3028316e-01   6.3473918e-03
   5.2929598e-01   6.3209032e-03
   5.2830886e-01   6.2942837e-03
   5.2732179e-01   6.2675338e-03
   5.2633477e-01   6.2406542e-03
   5.2534782e-01   6.2136456e-03
   5.2436091e-01   6.1865084e-03
   5.2337407e-01   6.1592434e-03
   5.2238727e-01   6.1318512e-03
   5.2140054e-01   6.1043323e-03
   5.2041385e-01   6.0766874e-03
   5.1942722e-01   6.0489172e-03
   5.1844065e-01   6.0210222e-03
   5.1745413e-01   5.9930031e-03
   5.1646766e-01   5.9648606e-03
   5.1548125e-01   5.9365953e-03
   5.1449489e-01   5.9082078e-03
   5.1350858e-01   5.8796987e-03
   5.1252233e-01   5.8510688e-03
   5.1153613e-01   5.8223187e-03
   5.1054998e-01   5.7934490e-03
   5.0956388e-01   5.7644604e-03
   5.0857784e-01   5.7353536e-03
   5.0759185e-01   5.7061292e-03
   5.0660591e-01   5.6767879e-03
   5.0562002e-01   5.6473304e-03
   5.0463418e-01   5.6177573e-03
   5.0364840e-01   5.5880693e-03
   5.0266266e-01   5.5582672e-03
   5.0167698e-01   5.5283515e-03
   5.0069135e-01   5.4983230e-03
   4.9970577e-01   5.4681824e-03
   4.9872023e-01   5.4379303e-03
   4.9773475e-01   5.4075676e-03
   4.9674932e-01   5.3770947e-03
   4.9576394e-01   5.3465126e-03
   4.9477861e-01   5.3158218e-03
   4.9379332e-01   5.2850231e-03
   4.9280809e-01   5.2541172e-03
   4.9182291e-01   5.2231048e-03
   4.9083777e-01   5.1919867e-03
   4.8985268e-01   5.1607635e-03
   4.8886764e-01   5.1294360e-03
   4.8788265e-01   5.0980050e-03
   4.8689771e-01   5.0664711e-03
   4.8591281e-01   5.0348351e-03
   4.8492796e-01   5.0030977e-03
   4.8394316e-01   4.9712597e-03
   4.8295841e-01   4.9393218e-03
   4.8197370e-01   4.9072849e-03
   4.8098904e-01   4.8751495e-03
   4.8000442e-01   4.8429165e-03
   4.7901986e-01   4.8105867e-03
   4.7803533e-01   4.7781608e-03
   4.7705086e-01   4.7456396e-03
   4.7606643e-01   4.7130239e-03
   4.7508204e-01   4.6803144e-03
   4.7409770e-01   4.6475119e-03
   4.7311340e-01   4.6146172e-03
   4.7212915e-01   4.5816311e-03
   4.7114495e-01   4.5485543e-03
   4.7016078e-01   4.5153878e-03
   4.6917667e-01   4.4821322e-03
   4.6819259e-01   4.4487883e-03
   4.6720856e-01   4.4153570e-03
   4.6622457e-01   4.3818392e-03
   4.6524063e-01   4.3482355e-03
   4.6425672e-01   4.3145468e-03
   4.6327286e-01   4.2807739e-03
   4.6228905e-01   4.2469177e-03
   4.6130527e-01   4.2129790e-03
   4.6032154e-01   4.1789585e-03
   4.5933785e-01   4.1448572e-03
   4.5835420e-01   4.1106759e-03
   4.5737059e-01   4.0764155e-03
   4.5638702e-01   4.0420766e-03
   4.5540349e-01   4.0076604e-03
   4.5442000e-01   3.9731674e-03
   4.5343656e-01   3.9385988e-03
   4.5245315e-01   3.9039552e-03
   4.5146978e-01   3.8692375e-03
   4.5048646e-01   3.8344467e-03
   4.4950317e-01   3.7995836e-03
   4.4851992e-01   3.7646491e-03
   4.4753671e-01   3.7296441e-03
   4.4655353e-01   3.6945694e-03
   4.4557040e-01   3.6594259e-03
   4.4458730e-01   3.6242146e-03
   4.4360425e-01   3.5889363e-03
   4.4262123e-01   3.5535920e-03
   4.4163824e-01   3.5181824e-03
   4.4065529e-01   3.4827087e-03
   4.3967238e-01   3.4471716e-03
   4.3868951e-01   3.4115721e-03
   4.3770667e-01   3.3759111e-03
   4.3672387e-01   3.3401895e-03
   4.3574111e-01   3.3044083e-03
   4.3475838e-01   3.2685685e-03
   4.3377568e-01   3.2326708e-03
   4.3279302e-01   3.1967164e-03
   4.3181040e-01   3.1607061e-03
   4.3082780e-01   3.1246409e-03
   4.2984525e-01   3.0885217e-03
   4.2886272e-01   3.0523496e-03
   4.2788023e-01   3.0161255e-03
   4.2689778e-01   2.9798503e-03
   4.2591535e-01   2.9435250e-03
   4.2493296e-01   2.9071507e-03
   4.2395060e-01   2.8707283e-03
   4.2296828e-01   2.8342587e-03
   4.2198598e-01   2.7977431e-03
   4.2100372e-01   2.7611823e-03
   4.2002149e-01   2.7245774e-03
   4.1903929e-01   2.6879294e-03
   4.1805712e-01   2.6512393e-03
   4.1707498e-01   2.6145082e-03
   4.1609287e-01   2.5777370e-03
   4.1511079e-01   2.5409268e-03
   4.1412874e-01   2.5040786e-03
   4.1314672e-01   2.4671935e-03
   4.1216473e-01   2.4302724e-03
   4.1118276e-01   2.3933165e-03
   4.1020083e-01   2.3563268e-03
   4.0921892e-01   2.3193044e-03
   4.0823704e-01   2.2822503e-03
   4.0725519e-01   2.2451655e-03
   4.0627337e-01   2.2080512e-03
   4.0529157e-01   2.1709085e-03
   4.0430980e-01   2.1337384e-03
   4.0332806e-01   2.0965420e-03
   4.0234634e-01   2.0593204e-03
   4.0136465e-01   2.0220747e-03
   4.0038298e-01   1.9848060e-03
   3.9940569e-01   1.9474406e-03
   3.9844637e-01   1.9096856e-03
   3.9748904e-01   1.8715199e-03
   3.9653176e-01   1.8329446e-03
   3.9557453e-01   1.7939608e-03
   3.9461736e-01   1.7545697e-03
   3.9366024e-01   1.7147725e-03
   3.9270317e-01   1.6745703e-03
   3.9174615e-01   1.6339645e-03
   3.9078918e-01   1.5929561e-03
   3.8983226e-01   1.5515465e-03
   3.8887539e-01   1.5097367e-03
   3.8791856e-01   1.4675280e-03
   3.8696178e-01   1.4249217e-03
   3.8600504e-01   1.3819190e-03
   3.8504835e-01   1.3385210e-03
   3.8409171e-01   1.2947291e-03
   3.8313510e-01   1.2505445e-03
   3.8217854e-01   1.2059683e-03
   3.8122202e-01   1.1610020e-03
   3.8026554e-01   1.1156467e-03
   3.7930910e-01   1.0699036e-03
   3.7835270e-01   1.0237741e-03
   3.7739634e-01   9.7725947e-04
   3.7644001e-01   9.3036091e-04
   3.7548372e-01   8.8307973e-04
   3.7452747e-01   8.3541722e-04
   3.7357125e-01   7.8737467e-04
   3.7261506e-01   7.3895338e-04
   3.7165891e-01   6.9015465e-04
   3.7070279e-01   6.4097979e-04
   3.6974670e-01   5.9143012e-04
   3.6879064e-01   5.4150694e-04
   3.6783461e-01   4.9121160e-04
   3.6687861e-01   4.4054541e-04
   3.6592263e-01   3.8950971e-04
   3.6496668e-01   3.3810585e-04
   3.6401076e-01   2.8633517e-04
   3.6305486e-01   2.3419903e-04
   3.6209899e-01   1.8169879e-04
   3.6114314e-01   1.2883580e-04
   3.6018731e-01   7.5611452e-05
   3.5923151e-01   2.2027108e-05
   3.5827572e-01  -3.1915845e-05
   3.5731995e-01  -8.6216017e-05
   3.5636420e-01  -1.4087201e-04
   3.5540847e-01  -1.9588243e-04
   3.5445275e-01  -2.5124586e-04
   3.5349705e-01  -3.0696090e-04
   3.5254137e-01  -3.6302611e-04
   3.5158570e-01  -4.1944008e-04
   3.5063004e-01  -4.7620137e-04
   3.4967439e-01  -5.3330854e-04
   3.4871875e-01  -5.9076014e-04
   3.4776313e-01  -6.4855473e-04
   3.4680751e-01  -7.0669083e-04
   3.4585190e-01  -7.6516699e-04
   3.4489630e-01  -8.2398174e-04
   3.4394070e-01  -8.8313358e-04
   3.4298510e-01  -9.4262104e-04
   3.4202952e-01  -1.0024426e-03
   3.4107393e-01  -1.0625968e-03
   3.4011835e-01  -1.1230821e-03
   3.3916276e-01  -1.1838970e-03
   3.3820718e-01  -1.2450400e-03
   3.3725159e-01  -1.3065095e-03
   3.3629600e-01  -1.3683040e-03
   3.3534041e-01  -1.4304220e-03
   3.3438482e-01  -1.4928619e-03
   3.3342922e-01  -1.5556221e-03
   3.3247361e-01  -1.6187011e-03
   3.3151800e-01  -1.6820973e-03
   3.3056237e-01  -1.7458091e-03
   3.2960674e-01  -1.8098350e-03
   3.2865109e-01  -1.8741732e-03
   3.2769544e-01  -1.9388223e-03
   3.2673977e-01  -2.0037806e-03
   3.2578409e-01  -2.0690465e-03
   3.2482839e-01  -2.1346183e-03
   3.2387267e-01  -2.2004944e-03
   3.2291694e-01  -2.2666732e-03
   3.2196119e-01  -2.3331529e-03
   3.2100542e-01  -2.3999320e-03
   3.2004963e-01  -2.4670088e-03
   3.1909382e-01  -2.5343815e-03
   3.1813799e-01  -2.6020485e-03
   3.1718213e-01  -2.6700080e-03
   3.1622624e-01  -2.7382585e-03
   3.1527033e-01  -2.8067980e-03
   3.1431439e-01  -2.8756250e-03
   3.1335843e-01  -2.9447376e-03
   3.1240243e-01  -3.0141342e-03
   3.1144640e-01  -3.0838129e-03
   3.1049034e-01  -3.1537720e-03
   3.0953425e-01  -3.2240097e-03
   3.0857812e-01  -3.2945243e-03
   3.0762196e-01  -3.3653139e-03
   3.0666576e-01  -3.4363767e-03
   3.0570952e-01  -3.5077108e-03
   3.0475324e-01  -3.5793146e-03
   3.0379692e-01  -3.6511861e-03
   3.0284056e-01  -3.7233235e-03
   3.0188415e-01  -3.7957248e-03
   3.0092771e-01  -3.8683884e-03
   2.9997121e-01  -3.9413121e-03
   2.9901467e-01  -4.0144943e-03
   2.9805808e-01  -4.0879329e-03
   2.9710144e-01  -4.1616261e-03
   2.9614475e-01  -4.2355718e-03
   2.9518801e-01  -4.3097683e-03
   2.9423122e-01  -4.3842134e-03
   2.9327437e-01  -4.4589053e-03
   2.9231746e-01  -4.5338420e-03
   2.9136050e-01  -4.6090215e-03
   2.9040348e-01  -4.6844418e-03
   2.8944640e-01  -4.7601009e-03
   2.8848926e-01  -4.8359967e-03
   2.8753205e-01  -4.9121272e-03
   2.8657478e-01  -4.9884904e-03
   2.8561745e-01  -5.0650842e-03
   2.8466005e-01  -5.1419065e-03
   2.8370258e-01  -5.2189552e-03
   2.8274505e-01  -5.2962282e-03
   2.8178744e-01  -5.3737235e-03
   2.8082976e-01  -5.4514388e-03
   2.7987201e-01  -5.5293720e-03
   2.7891418e-01  -5.6075210e-03
   2.7795628e-01  -5.6858836e-03
   2.7699829e-01  -5.7644576e-03
   2.7604023e-01  -5.8432408e-03
   2.7508209e-01  -5.9222309e-03
   2.7412387e-01  -6.0014258e-03
   2.7316556e-01  -6.0808231e-03
   2.7220717e-01  -6.1604207e-03
   2.7124869e-01  -6.2402162e-03
   2.7029012e-01  -6.3202073e-03
   2.6933147e-01  -6.4003918e-03
   2.6837272e-01  -6.4807672e-03
   2.6741388e-01  -6.5613313e-03
   2.6645495e-01  -6.6420817e-03
   2.6549592e-01  -6.7230159e-03
   2.6453680e-01  -6.8041317e-03
   2.6357757e-01  -6.8854265e-03
   2.6261825e-01  -6.9668979e-03
   2.6165882e-01  -7.0485436e-03
   2.6069930e-01  -7.1303610e-03
   2.5973966e-01  -7.2123476e-03
   2.5877992e-01  -7.2945009e-03
   2.5782008e-01  -7.3768184e-03
   2.5686012e-01  -7.4592976e-03
   2.5590005e-01  -7.5419358e-03
   2.5493987e-01  -7.6247305e-03
   2.5397957e-01  -7.7076792e-03
   2.5301916e-01  -7.7907791e-03
   2.5205863e-01  -7.8740276e-03
   2.5109798e-01  -7.9574220e-03
   2.5013722e-01  -8.0409597e-03
   2.4917632e-01  -8.1246379e-03
   2.4821531e-01  -8.2084540e-03
   2.4725416e-01  -8.2924051e-03
   2.4629289e-01  -8.3764885e-03
   2.4533149e-01  -8.4607013e-03
   2.4436996e-01  -8.5450409e-03
   2.4340829e-01  -8.6295042e-03
   2.4244649e-01  -8.7140884e-03
   2.4148456e-01  -8.7987907e-03
   2.4052248e-01  -8.8836081e-03
   2.3956027e-01  -8.9685376e-03
   2.3859791e-01  -9.0535764e-03
   2.3763541e-01  -9.1387213e-03
   2.3667276e-01  -9.2239695e-03
   2.3570997e-01  -9.3093177e-03
   2.3474702e-01  -9.3947630e-03
   2.3378393e-01  -9.4803023e-03
   2.3282068e-01  -9.5659324e-03
   2.3185727e-01  -9.6516501e-03
   2.3089371e-01  -9.7374523e-03
   2.2992999e-01  -9.8233357e-03
   2.2896611e-01  -9.9092971e-03
   2.2800207e-01  -9.9953333e-03
   2.2703786e-01  -1.0081441e-02
   2.2607348e-01  -1.0167616e-02
   2.2510894e-01  -1.0253857e-02
   2.2414422e-01  -1.0340158e-02
   2.2317934e-01  -1.0426518e-02
   2.2221427e-01  -1.0512932e-02
   2.2124903e-01  -1.0599397e-02
   2.2028361e-01  -1.0685909e-02
   2.1931801e-01  -1.0772465e-02
   2.1835223e-01  -1.0859061e-02
   2.1738626e-01  -1.0945693e-02
   2.1642010e-01  -1.1032359e-02
   2.1545376e-01  -1.1119053e-02
   2.1448722e-01  -1.1205773e-02
   2.1352049e-01  -1.1292515e-02
   2.1255356e-01  -1.1379274e-02
   2.1158643e-01  -1.1466048e-02
   2.1061910e-01  -1.1552831e-02
   2.0965157e-01  -1.1639620e-02
   2.0868384e-01  -1.1726411e-02
   2.0771589e-01  -1.1813200e-02
   2.0674774e-01  -1.1899984e-02
   2.0577938e-01  -1.1986756e-02
   2.0481080e-01  -1.2073515e-02
   2.0384200e-01  -1.2160255e-02
   2.0287298e-01  -1.2246972e-02
   2.0190374e-01  -1.2333662e-02
   2.0093428e-01  -1.2420320e-02
   1.9996459e-01  -1.2506942e-02
   1.9899468e-01  -1.2593524e-02
   1.9802453e-01  -1.2680061e-02
   1.9705414e-01  -1.2766549e-02
   1.9608352e-01  -1.2852982e-02
   1.9511266e-01  -1.2939357e-02
   1.9414156e-01  -1.3025668e-02
   1.9317022e-01  -1.3111911e-02
   1.9219863e-01  -1.3198081e-02
   1.9122678e-01  -1.3284173e-02
   1.9025469e-01  -1.3370182e-02
   1.8928234e-01  -1.3456103e-02
   1.8830973e-01  -1.3541930e-02
   1.8733687e-01  -1.3627660e-02
   1.8636374e-01  -1.3713286e-02
   1.8539034e-01  -1.3798804e-02
   1.8441667e-01  -1.3884208e-02
   1.8344273e-01  -1.3969492e-02
   1.8246852e-01  -1.4054651e-02
   1.8149403e-01  -1.4139680e-02
   1.8051926e-01  -1.4224573e-02
   1.7954421e-01  -1.4309324e-02
   1.7856887e-01  -1.4393928e-02
   1.7759324e-01  -1.4478379e-02
   1.7661731e-01  -1.4562670e-02
   1.7564109e-01  -1.4646796e-02
   1.7466458e-01  -1.4730750e-02
   1.7368776e-01  -1.4814527e-02
   1.7271063e-01  -1.4898120e-02
   1.7173320e-01  -1.4981523e-02
   1.7075545e-01  -1.5064730e-02
   1.6977739e-01  -1.5147734e-02
   1.6879901e-01  -1.5230528e-02
   1.6782031e-01  -1.5313105e-02
   1.6684129e-01  -1.5395459e-02
   1.6586193e-01  -1.5477584e-02
   1.6488225e-01  -1.5559471e-02
   1.6390222e-01  -1.5641114e-02
   1.6292186e-01  -1.5722505e-02
   1.6194116e-01  -1.5803638e-02
   1.6096011e-01  -1.5884504e-02
   1.5997871e-01  -1.5965097e-02
   1.5899695e-01  -1.6045408e-02
   1.5801484e-01  -1.6125431e-02
   1.5703236e-01  -1.6205156e-02
   1.5604952e-01  -1.6284575e-02
   1.5506631e-01  -1.6363682e-02
   1.5408273e-01  -1.6442467e-02
   1.5309877e-01  -1.6520921e-02
   1.5211442e-01  -1.6599037e-02
   1.5112970e-01  -1.6676806e-02
   1.5014458e-01  -1.6754218e-02
   1.4915907e-01  -1.6831266e-02
   1.4817316e-01  -1.6907938e-02
   1.4718684e-01  -1.6984227e-02
   1.4620012e-01  -1.7060123e-02
   1.4521299e-01  -1.7135616e-02
   1.4422544e-01  -1.7210697e-02
   1.4323747e-01  -1.7285355e-02
   1.4224907e-01  -1.7359580e-02
   1.4126025e-01  -1.7433361e-02
   1.4027098e-01  -1.7506690e-02
   1.3928128e-01  -1.7579553e-02
   1.3829114e-01  -1.7651942e-02
   1.3730054e-01  -1.7723844e-02
   1.3630949e-01  -1.7795248e-02
   1.3531798e-01  -1.7866142e-02
   1.3432600e-01  -1.7936516e-02
   1.3333355e-01  -1.8006357e-02
   1.3234062e-01  -1.8075652e-02
   1.3134722e-01  -1.8144389e-02
   1.3035332e-01  -1.8212556e-02
   1.2935893e-01  -1.8280139e-02
   1.2836404e-01  -1.8347125e-02
   1.2736865e-01  -1.8413501e-02
   1.2637275e-01  -1.8479253e-02
   1.2537633e-01  -1.8544367e-02
   1.2437938e-01  -1.8608828e-02
   1.2338191e-01  -1.8672622e-02
   1.2238390e-01  -1.8735733e-02
   1.2138535e-01  -1.8798147e-02
   1.2038625e-01  -1.8859848e-02
   1.1938659e-01  -1.8920820e-02
   1.1838637e-01  -1.8981046e-02
   1.1738558e-01  -1.9040509e-02
   1.1638421e-01  -1.9099194e-02
   1.1538226e-01  -1.9157081e-02
   1.1437971e-01  -1.9214154e-02
   1.1337657e-01  -1.9270393e-02
   1.1237282e-01  -1.9325780e-02
   1.1136845e-01  -1.9380297e-02
   1.1036346e-01  -1.9433922e-02
   1.0935784e-01  -1.9486637e-02
   1.0835158e-01  -1.9538420e-02
   1.0734467e-01  -1.9589250e-02
   1.0633710e-01  -1.9639106e-02
   1.0532887e-01  -1.9687964e-02
   1.0431996e-01  -1.9735804e-02
   1.0331037e-01  -1.9782600e-02
   1.0230008e-01  -1.9828329e-02
   1.0128909e-01  -1.9872966e-02
   1.0027738e-01  -1.9916486e-02
   9.9264947e-02  -1.9958863e-02
   9.8251781e-02  -2.0000069e-02
   9.7237869e-02  -2.0040078e-02
   9.6223200e-02  -2.0078861e-02
   9.5207762e-02  -2.0116389e-02
   9.4191545e-02  -2.0152632e-02
   9.3174536e-02  -2.0187559e-02
   9.2156723e-02  -2.0221138e-02
   9.1138094e-02  -2.0253337e-02
   9.0118635e-02  -2.0284122e-02
   8.9098334e-02  -2.0313457e-02
   8.8077176e-02  -2.0341308e-02
   8.7055148e-02  -2.0367636e-02
   8.6032235e-02  -2.0392404e-02
   8.5008423e-02  -2.0415573e-02
   8.3983696e-02  -2.0437101e-02
   8.2958038e-02  -2.0456946e-02
   8.1931434e-02  -2.0475065e-02
   8.0903867e-02  -2.0491413e-02
   7.9875319e-02  -2.0505942e-02
   7.8845772e-02  -2.0518606e-02
   7.7815209e-02  -2.0529352e-02
   7.6783611e-02  -2.0538130e-02
   7.5750957e-02  -2.0544886e-02
   7.4717228e-02  -2.0549563e-02
   7.3682402e-02  -2.0552104e-02
   7.2646458e-02  -2.0552448e-02
   7.1609373e-02  -2.0550533e-02
   7.0571124e-02  -2.0546293e-02
   6.9531687e-02  -2.0539661e-02
   6.8491036e-02  -2.0530565e-02
   6.7449146e-02  -2.0518932e-02
   6.6405989e-02  -2.0504685e-02
   6.5361537e-02  -2.0487743e-02
   6.4315761e-02  -2.0468023e-02
   6.3268629e-02  -2.0445437e-02
   6.2220110e-02  -2.0419893e-02
   6.1170171e-02  -2.0391294e-02
   6.0118776e-02  -2.0359541e-02
   5.9065889e-02  -2.0324527e-02
   5.8011472e-02  -2.0286140e-02
   5.6955484e-02  -2.0244266e-02
   5.5897884e-02  -2.0198779e-02
   5.4838627e-02  -2.0149552e-02
   5.3777668e-02  -2.0096447e-02
   5.2714957e-02  -2.0039320e-02
   5.1650442e-02  -1.9978019e-02
   5.0584070e-02  -1.9912382e-02
   4.9515782e-02  -1.9842239e-02
   4.8445519e-02  -1.9767407e-02
   4.7373215e-02  -1.9687695e-02
   4.6298803e-02  -1.9602896e-02
   4.5222210e-02  -1.9512792e-02
   4.4143357e-02  -1.9417149e-02
   4.3062164e-02  -1.9315715e-02
   4.1978540e-02  -1.9208224e-02
   4.0892393e-02  -1.9094387e-02
   3.9803620e-02  -1.8973893e-02
   3.8712112e-02  -1.8846408e-02
   3.7617751e-02  -1.8711569e-02
   3.6520411e-02  -1.8568985e-02
   3.5419952e-02  -1.8418228e-02
   3.4316226e-02  -1.8258834e-02
   3.3209067e-02  -1.8090293e-02
   3.2098298e-02  -1.7912047e-02
   3.0983722e-02  -1.7723482e-02
   2.9865121e-02  -1.7523918e-02
   2.8742256e-02  -1.7312601e-02
   2.7614860e-02  -1.7088688e-02
   2.6482634e-02  -1.6851238e-02
   2.5345243e-02  -1.6599187e-02
   2.4202307e-02  -1.6331330e-02
   2.3053396e-02  -1.6046294e-02
   2.1898013e-02  -1.5742497e-02
   2.0735587e-02  -1.5418107e-02
   1.9565449e-02  -1.5070980e-02
   1.8386813e-02  -1.4698582e-02
   1.7198738e-02  -1.4297879e-02
   1.6000085e-02  -1.3865189e-02
   1.4789455e-02  -1.3395971e-02
   1.3565090e-02  -1.2884514e-02
   1.2324735e-02  -1.2323462e-02
   1.1065408e-02  -1.1703074e-02
   9.7830240e-03  -1.1009965e-02
   8.4717151e-03  -1.0224862e-02
   7.1224966e-03  -9.3181801e-03
   5.7202797e-03  -8.2401039e-03
   4.2357133e-03  -6.8934823e-03
   2.5932117e-03  -5.0274422e-03
   0.0000000e+00   0.0000000e+00
  -5.9120975e-04   5.6272913e-03
  -2.3170932e-04   8.0916775e-03
   2.8572635e-04   1.0035142e-02
   8.8551136e-04   1.1708558e-02
   1.5382949e-03   1.3209078e-02
   2.2289880e-03   1.4586514e-02
   2.9486059e-03   1.5870455e-02
   3.6912810e-03   1.7080171e-02
   4.4529279e-03   1.8229047e-02
   5.2305653e-03   1.9326827e-02
   6.0219370e-03   2.0380864e-02
   6.8252864e-03   2.1396869e-02
   7.6392130e-03   2.2379386e-02
   8.4625787e-03   2.3332094e-02
   9.2944433e-03   2.4258028e-02
   1.0134019e-02   2.5159722e-02
   1.0980638e-02   2.6039320e-02
   1.1833729e-02   2.6898654e-02
   1.2692795e-02   2.7739306e-02
   1.3557406e-02   2.8562649e-02
   1.4427182e-02   2.9369888e-02
   1.5301788e-02   3.0162087e-02
   1.6180925e-02   3.0940187e-02
   1.7064326e-02   3.1705031e-02
   1.7951752e-02   3.2457373e-02
   1.8842985e-02   3.3197893e-02
   1.9737828e-02   3.3927205e-02
   2.0636104e-02   3.4645867e-02
   2.1537647e-02   3.5354389e-02
   2.2442309e-02   3.6053235e-02
   2.3349950e-02   3.6742833e-02
   2.4260444e-02   3.7423574e-02
   2.5173673e-02   3.8095821e-02
   2.6089528e-02   3.8759908e-02
   2.7007906e-02   3.9416146e-02
   2.7928715e-02   4.0064823e-02
   2.8851864e-02   4.0706208e-02
   2.9777273e-02   4.1340550e-02
   3.0704863e-02   4.1968084e-02
   3.1634561e-02   4.2589028e-02
   3.2566300e-02   4.3203588e-02
   3.3500014e-02   4.3811957e-02
   3.4435644e-02   4.4414317e-02
   3.5373132e-02   4.5010838e-02
   3.6312422e-02   4.5601682e-02
   3.7253465e-02   4.6187001e-02
   3.8196210e-02   4.6766939e-02
   3.9140612e-02   4.7341633e-02
   4.0086627e-02   4.7911213e-02
   4.1034211e-02   4.8475801e-02
   4.1983326e-02   4.9035514e-02
   4.2933933e-02   4.9590463e-02
   4.3885996e-02   5.0140755e-02
   4.4839479e-02   5.0686489e-02
   4.5794350e-02   5.1227762e-02
   4.6750575e-02   5.1764666e-02
   4.7708125e-02   5.2297288e-02
   4.8666970e-02   5.2825713e-02
   4.9627082e-02   5.3350021e-02
   5.0588433e-02   5.3870289e-02
   5.1550998e-02   5.4386590e-02
   5.2514751e-02   5.4898996e-02
   5.3479668e-02   5.5407574e-02
   5.4445726e-02   5.5912389e-02
   5.5412902e-02   5.6413505e-02
   5.6381175e-02   5.6910982e-02
   5.7350523e-02   5.7404877e-02
   5.8320927e-02   5.7895246e-02
   5.9292366e-02   5.8382145e-02
   6.0264821e-02   5.8865623e-02
   6.1238275e-02   5.9345733e-02
   6.2212710e-02   5.9822521e-02
   6.3188108e-02   6.0296034e-02
   6.4164453e-02   6.0766319e-02
   6.5141728e-02   6.1233418e-02
   6.6119917e-02   6.1697373e-02
   6.7099007e-02   6.2158225e-02
   6.8078980e-02   6.2616015e-02
   6.9059825e-02   6.3070779e-02
   7.0041525e-02   6.3522555e-02
   7.1024068e-02   6.3971380e-02
   7.2007441e-02   6.4417287e-02
   7.2991630e-02   6.4860310e-02
   7.3976623e-02   6.5300483e-02
   7.4962408e-02   6.5737837e-02
   7.5948972e-02   6.6172402e-02
   7.6936305e-02   6.6604210e-02
   7.7924395e-02   6.7033289e-02
   7.8913231e-02   6.7459667e-02
   7.9902802e-02   6.7883372e-02
   8.0893097e-02   6.8304431e-02
   8.1884107e-02   6.8722869e-02
   8.2875821e-02   6.9138713e-02
   8.3868229e-02   6.9551986e-02
   8.4861322e-02   6.9962714e-02
   8.5855091e-02   7.0370919e-02
   8.6849526e-02   7.0776624e-02
   8.7844618e-02   7.1179851e-02
   8.8840359e-02   7.1580623e-02
   8.9836739e-02   7.1978960e-02
   9.0833752e-02   7.2374883e-02
   9.1831387e-02   7.2768412e-02
   9.2829638e-02   7.3159567e-02
   9.3828496e-02   7.3548368e-02
   9.4827954e-02   7.3934832e-02
   9.5828003e-02   7.4318978e-02
   9.6828637e-02   7.4700824e-02
   9.7829849e-02   7.5080388e-02
   9.8831630e-02   7.5457687e-02
   9.9833974e-02   7.5832737e-02
   1.0083687e-01   7.6205555e-02
   1.0184032e-01   7.6576156e-02
   1.0284432e-01   7.6944557e-02
   1.0384884e-01   7.7310773e-02
   1.0485390e-01   7.7674818e-02
   1.0585948e-01   7.8036708e-02
   1.0686558e-01   7.8396457e-02
   1.0787219e-01   7.8754078e-02
   1.0887931e-01   7.9109587e-02
   1.0988692e-01   7.9462995e-02
   1.1089503e-01   7.9814317e-02
   1.1190362e-01   8.0163565e-02
   1.1291270e-01   8.0510753e-02
   1.1392225e-01   8.0855892e-02
   1.1493227e-01   8.1198995e-02
   1.1594276e-01   8.1540074e-02
   1.1695371e-01   8.1879140e-02
   1.1796512e-01   8.2216206e-02
   1.1897698e-01   8.2551282e-02
   1.1998928e-01   8.2884380e-02
   1.2100202e-01   8.3215510e-02
   1.2201519e-01   8.3544684e-02
   1.2302880e-01   8.3871911e-02
   1.2404283e-01   8.4197203e-02
   1.2505728e-01   8.4520569e-02
   1.2607215e-01   8.4842019e-02
   1.2708743e-01   8.5161564e-02
   1.2810312e-01   8.5479212e-02
   1.2911921e-01   8.5794974e-02
   1.3013570e-01   8.6108858e-02
   1.3115259e-01   8.6420874e-02
   1.3216986e-01   8.6731031e-02
   1.3318752e-01   8.7039338e-02
   1.3420556e-01   8.7345802e-02
   1.3522398e-01   8.7650434e-02
   1.3624277e-01   8.7953241e-02
   1.3726193e-01   8.8254232e-02
   1.3828146e-01   8.8553414e-02
   1.3930135e-01   8.8850796e-02
   1.4032160e-01   8.9146387e-02
   1.4134220e-01   8.9440192e-02
   1.4236315e-01   8.9732221e-02
   1.4338444e-01   9.0022481e-02
   1.4440608e-01   9.0310979e-02
   1.4542806e-01   9.0597722e-02
   1.4645038e-01   9.0882719e-02
   1.4747303e-01   9.1165975e-02
   1.4849600e-01   9.1447498e-02
   1.4951930e-01   9.1727295e-02
   1.5054293e-01   9.2005372e-02
   1.5156687e-01   9.2281737e-02
   1.5259113e-01   9.2556396e-02
   1.5361569e-01   9.2829355e-02
   1.5464057e-01   9.3100621e-02
   1.5566575e-01   9.3370200e-02
   1.5669124e-01   9.3638099e-02
   1.5771702e-01   9.3904324e-02
   1.5874310e-01   9.4168880e-02
   1.5976947e-01   9.4431774e-02
   1.6079613e-01   9.4693011e-02
   1.6182308e-01   9.4952599e-02
   1.6285031e-01   9.5210541e-02
   1.6387782e-01   9.5466844e-02
   1.6490561e-01   9.5721514e-02
   1.6593368e-01   9.5974556e-02
   1.6696201e-01   9.6225976e-02
   1.6799062e-01   9.6475779e-02
   1.6901949e-01   9.6723970e-02
   1.7004862e-01   9.6970554e-02
   1.7107802e-01   9.7215538e-02
   1.7210767e-01   9.7458925e-02
   1.7313758e-01   9.7700721e-02
   1.7416774e-01   9.7940932e-02
   1.7519815e-01   9.8179561e-02
   1.7622881e-01   9.8416615e-02
   1.7725971e-01   9.8652097e-02
   1.7829085e-01   9.8886012e-02
   1.7932223e-01   9.9118366e-02
   1.8035385e-01   9.9349163e-02
   1.8138570e-01   9.9578407e-02
   1.8241779e-01   9.9806103e-02
   1.8345010e-01   1.0003226e-01
   1.8448264e-01   1.0025687e-01
   1.8551541e-01   1.0047995e-01
   1.8654839e-01   1.0070150e-01
   1.8758160e-01   1.0092152e-01
   1.8861502e-01   1.0114002e-01
   1.8964866e-01   1.0135701e-01
   1.9068250e-01   1.0157248e-01
   1.9171656e-01   1.0178644e-01
   1.9275083e-01   1.0199890e-01
   1.9378530e-01   1.0220985e-01
   1.9481998e-01   1.0241931e-01
   1.9585485e-01   1.0262728e-01
   1.9688992e-01   1.0283376e-01
   1.9792519e-01   1.0303875e-01
   1.9896066e-01   1.0324226e-01
   1.9999631e-01   1.0344429e-01
   2.0103216e-01   1.0364485e-01
   2.0206819e-01   1.0384394e-01
   2.0310441e-01   1.0404156e-01
   2.0414081e-01   1.0423772e-01
   2.0517739e-01   1.0443242e-01
   2.0621416e-01   1.0462566e-01
   2.0725110e-01   1.0481746e-01
   2.0828821e-01   1.0500780e-01
   2.0932550e-01   1.0519670e-01
   2.1036295e-01   1.0538415e-01
   2.1140058e-01   1.0557017e-01
   2.1243837e-01   1.0575476e-01
   2.1347633e-01   1.0593791e-01
   2.1451445e-01   1.0611963e-01
   2.1555273e-01   1.0629993e-01
   2.1659118e-01   1.0647881e-01
   2.1762977e-01   1.0665627e-01
   2.1866853e-01   1.0683231e-01
   2.1970743e-01   1.0700694e-01
   2.2074649e-01   1.0718016e-01
   2.2178570e-01   1.0735198e-01
   2.2282505e-01   1.0752239e-01
   2.2386455e-01   1.0769140e-01
   2.2490420e-01   1.0785902e-01
   2.2594398e-01   1.0802524e-01
   2.2698391e-01   1.0819007e-01
   2.2802398e-01   1.0835352e-01
   2.2906418e-01   1.0851558e-01
   2.3010452e-01   1.0867625e-01
   2.3114499e-01   1.0883555e-01
   2.3218559e-01   1.0899347e-01
   2.3322632e-01   1.0915002e-01
   2.3426718e-01   1.0930520e-01
   2.3530816e-01   1.0945901e-01
   2.3634927e-01   1.0961145e-01
   2.3739050e-01   1.0976253e-01
   2.3843186e-01   1.0991225e-01
   2.3947333e-01   1.1006062e-01
   2.4051492e-01   1.1020763e-01
   2.4155663e-01   1.1035328e-01
   2.4259845e-01   1.1049759e-01
   2.4364038e-01   1.1064056e-01
   2.4468243e-01   1.1078218e-01
   2.4572458e-01   1.1092245e-01
   2.4676684e-01   1.1106139e-01
   2.4780921e-01   1.1119899e-01
   2.4885169e-01   1.1133526e-01
   2.4989426e-01   1.1147020e-01
   2.5093694e-01   1.1160381e-01
   2.5197972e-01   1.1173609e-01
   2.5302260e-01   1.1186705e-01
   2.5406557e-01   1.1199669e-01
   2.5510864e-01   1.1212500e-01
   2.5615180e-01   1.1225200e-01
   2.5719506e-01   1.1237769e-01
   2.5823841e-01   1.1250206e-01
   2.5928184e-01   1.1262513e-01
   2.6032536e-01   1.1274689e-01
   2.6136897e-01   1.1286734e-01
   2.6241267e-01   1.1298649e-01
   2.6345645e-01   1.1310434e-01
   2.6450031e-01   1.1322089e-01
   2.6554425e-01   1.1333614e-01
   2.6658827e-01   1.1345010e-01
   2.6763237e-01   1.1356277e-01
   2.6867654e-01   1.1367415e-01
   2.6972079e-01   1.1378425e-01
   2.7076511e-01   1.1389305e-01
   2.7180951e-01   1.1400058e-01
   2.7285397e-01   1.1410682e-01
   2.7389851e-01   1.1421179e-01
   2.7494311e-01   1.1431548e-01
   2.7598778e-01   1.1441789e-01
   2.7703251e-01   1.1451903e-01
   2.7807731e-01   1.1461890e-01
   2.7912217e-01   1.1471751e-01
   2.8016709e-01   1.1481484e-01
   2.8121207e-01   1.1491092e-01
   2.8225711e-01   1.1500573e-01
   2.8330221e-01   1.1509928e-01
   2.8434736e-01   1.1519157e-01
   2.8539257e-01   1.1528260e-01
   2.8643783e-01   1.1537238e-01
   2.8748314e-01   1.1546091e-01
   2.8852851e-01   1.1554819e-01
   2.8957392e-01   1.1563422e-01
   2.9061938e-01   1.1571901e-01
   2.9166489e-01   1.1580254e-01
   2.9271044e-01   1.1588484e-01
   2.9375604e-01   1.1596590e-01
   2.9480168e-01   1.1604571e-01
   2.9584736e-01   1.1612429e-01
   2.9689309e-01   1.1620164e-01
   2.9793885e-01   1.1627775e-01
   2.9898465e-01   1.1635263e-01
   3.0003049e-01   1.1642627e-01
   3.0107636e-01   1.1649870e-01
   3.0212227e-01   1.1656989e-01
   3.0316821e-01   1.1663986e-01
   3.0421419e-01   1.1670861e-01
   3.0526019e-01   1.1677614e-01
   3.0630623e-01   1.1684244e-01
   3.0735229e-01   1.1690754e-01
   3.0839838e-01   1.1697141e-01
   3.0944450e-01   1.1703407e-01
   3.1049064e-01   1.1709552e-01
   3.1153681e-01   1.1715576e-01
   3.1258300e-01   1.1721479e-01
   3.1362921e-01   1.1727261e-01
   3.1467544e-01   1.1732923e-01
   3.1572170e-01   1.1738464e-01
   3.1676797e-01   1.1743886e-01
   3.1781425e-01   1.1749187e-01
   3.1886056e-01   1.1754368e-01
   3.1990688e-01   1.1759430e-01
   3.2095321e-01   1.1764372e-01
   3.2199956e-01   1.1769194e-01
   3.2304591e-01   1.1773898e-01
   3.2409228e-01   1.1778482e-01
   3.2513866e-01   1.1782948e-01
   3.2618505e-01   1.1787294e-01
   3.2723144e-01   1.1791522e-01
   3.2827784e-01   1.1795632e-01
   3.2932425e-01   1.1799624e-01
   3.3037066e-01   1.1803497e-01
   3.3141708e-01   1.1807252e-01
   3.3246349e-01   1.1810890e-01
   3.3350991e-01   1.1814410e-01
   3.3455633e-01   1.1817813e-01
   3.3560275e-01   1.1821098e-01
   3.3664916e-01   1.1824266e-01
   3.3769558e-01   1.1827316e-01
   3.3874198e-01   1.1830250e-01
   3.3978839e-01   1.1833068e-01
   3.4083479e-01   1.1835768e-01
   3.4188118e-01   1.1838353e-01
   3.4292756e-01   1.1840821e-01
   3.4397394e-01   1.1843172e-01
   3.4502030e-01   1.1845408e-01
   3.4606666e-01   1.1847528e-01
   3.4711300e-01   1.1849532e-01
   3.4815933e-01   1.1851421e-01
   3.4920565e-01   1.1853194e-01
   3.5025195e-01   1.1854852e-01
   3.5129824e-01   1.1856395e-01
   3.5234451e-01   1.1857823e-01
   3.5339076e-01   1.1859136e-01
   3.5443699e-01   1.1860334e-01
   3.5548321e-01   1.1861418e-01
   3.5652940e-01   1.1862387e-01
   3.5757558e-01   1.1863242e-01
   3.5862173e-01   1.1863983e-01
   3.5966786e-01   1.1864609e-01
   3.6071396e-01   1.1865122e-01
   3.6176004e-01   1.1865521e-01
   3.6280610e-01   1.1865807e-01
   3.6385212e-01   1.1865979e-01
   3.6489812e-01   1.1866037e-01
   3.6594409e-01   1.1865983e-01
   3.6699004e-01   1.1865815e-01
   3.6803595e-01   1.1865534e-01
   3.6908183e-01   1.1865141e-01
   3.7012768e-01   1.1864635e-01
   3.7117349e-01   1.1864016e-01
   3.7221928e-01   1.1863285e-01
   3.7326502e-01   1.1862442e-01
   3.7431074e-01   1.1861486e-01
   3.7535641e-01   1.1860418e-01
   3.7640205e-01   1.1859239e-01
   3.7744765e-01   1.1857948e-01
   3.7849322e-01   1.1856545e-01
   3.7953874e-01   1.1855030e-01
   3.8058422e-01   1.1853404e-01
   3.8162966e-01   1.1851667e-01
   3.8267506e-01   1.1849819e-01
   3.8372041e-01   1.1847859e-01
   3.8476573e-01   1.1845789e-01
   3.8581099e-01   1.1843608e-01
   3.8685622e-01   1.1841316e-01
   3.8790139e-01   1.1838914e-01
   3.8894652e-01   1.1836401e-01
   3.8999160e-01   1.1833779e-01
   3.9103663e-01   1.1831045e-01
   3.9208161e-01   1.1828202e-01
   3.9312655e-01   1.1825249e-01
   3.9417143e-01   1.1822186e-01
   3.9521626e-01   1.1819014e-01
   3.9626103e-01   1.1815732e-01
   3.9730576e-01   1.1812340e-01
   3.9835043e-01   1.1808839e-01
   3.9939310e-01   1.1805229e-01
   4.0041782e-01   1.1801514e-01
   4.0143816e-01   1.1797727e-01
   4.0245847e-01   1.1793876e-01
   4.0347875e-01   1.1789960e-01
   4.0449901e-01   1.1785980e-01
   4.0551924e-01   1.1781935e-01
   4.0653945e-01   1.1777827e-01
   4.0755962e-01   1.1773654e-01
   4.0857977e-01   1.1769418e-01
   4.0959990e-01   1.1765118e-01
   4.1061999e-01   1.1760755e-01
   4.1164006e-01   1.1756328e-01
   4.1266010e-01   1.1751837e-01
   4.1368011e-01   1.1747283e-01
   4.1470009e-01   1.1742666e-01
   4.1572004e-01   1.1737986e-01
   4.1673997e-01   1.1733243e-01
   4.1775986e-01   1.1728437e-01
   4.1877972e-01   1.1723568e-01
   4.1979955e-01   1.1718637e-01
   4.2081935e-01   1.1713642e-01
   4.2183912e-01   1.1708586e-01
   4.2285886e-01   1.1703467e-01
   4.2387857e-01   1.1698286e-01
   4.2489825e-01   1.1693042e-01
   4.2591789e-01   1.1687737e-01
   4.2693750e-01   1.1682369e-01
   4.2795708e-01   1.1676940e-01
   4.2897662e-01   1.1671448e-01
   4.2999614e-01   1.1665895e-01
   4.3101561e-01   1.1660281e-01
   4.3203506e-01   1.1654605e-01
   4.3305447e-01   1.1648867e-01
   4.3407385e-01   1.1643069e-01
   4.3509319e-01   1.1637209e-01
   4.3611249e-01   1.1631287e-01
   4.3713177e-01   1.1625305e-01
   4.3815100e-01   1.1619262e-01
   4.3917020e-01   1.1613158e-01
   4.4018937e-01   1.1606994e-01
   4.4120850e-01   1.1600769e-01
   4.4222759e-01   1.1594483e-01
   4.4324664e-01   1.1588136e-01
   4.4426566e-01   1.1581730e-01
   4.4528464e-01   1.1575263e-01
   4.4630359e-01   1.1568736e-01
   4.4732249e-01   1.1562148e-01
   4.4834136e-01   1.1555501e-01
   4.4936019e-01   1.1548794e-01
   4.5037898e-01   1.1542027e-01
   4.5139773e-01   1.1535200e-01
   4.5241645e-01   1.1528314e-01
   4.5343512e-01   1.1521368e-01
   4.5445376e-01   1.1514362e-01
   4.5547235e-01   1.1507297e-01
   4.5649091e-01   1.1500173e-01
   4.5750942e-01   1.1492990e-01
   4.5852790e-01   1.1485747e-01
   4.5954633e-01   1.1478445e-01
   4.6056472e-01   1.1471085e-01
   4.6158307e-01   1.1463665e-01
   4.6260139e-01   1.1456187e-01
   4.6361965e-01   1.1448650e-01
   4.6463788e-01   1.1441055e-01
   4.6565607e-01   1.1433400e-01
   4.6667421e-01   1.1425688e-01
   4.6769231e-01   1.1417917e-01
   4.6871036e-01   1.1410087e-01
   4.6972838e-01   1.1402200e-01
   4.7074635e-01   1.1394254e-01
   4.7176428e-01   1.1386251e-01
   4.7278216e-01   1.1378189e-01
   4.7380000e-01   1.1370069e-01
   4.7481779e-01   1.1361892e-01
   4.7583554e-01   1.1353657e-01
   4.7685325e-01   1.1345364e-01
   4.7787091e-01   1.1337014e-01
   4.7888853e-01   1.1328606e-01
   4.7990610e-01   1.1320140e-01
   4.8092362e-01   1.1311618e-01
   4.8194110e-01   1.1303038e-01
   4.8295854e-01   1.1294401e-01
   4.8397593e-01   1.1285706e-01
   4.8499327e-01   1.1276955e-01
   4.8601056e-01   1.1268147e-01
   4.8702781e-01   1.1259282e-01
   4.8804501e-01   1.1250360e-01
   4.8906216e-01   1.1241381e-01
   4.9007927e-01   1.1232346e-01
   4.9109633e-01   1.1223254e-01
   4.9211334e-01   1.1214105e-01
   4.9313030e-01   1.1204901e-01
   4.9414722e-01   1.1195639e-01
   4.9516408e-01   1.1186322e-01
   4.9618090e-01   1.1176948e-01
   4.9719767e-01   1.1167518e-01
   4.9821439e-01   1.1158032e-01
   4.9923106e-01   1.1148490e-01
   5.0024768e-01   1.1138892e-01
   5.0126425e-01   1.1129238e-01
   5.0228077e-01   1.1119529e-01
   5.0329724e-01   1.1109763e-01
   5.0431366e-01   1.1099942e-01
   5.0533003e-01   1.1090066e-01
   5.0634635e-01   1.1080134e-01
   5.0736261e-01   1.1070146e-01
   5.0837883e-01   1.1060103e-01
   5.0939500e-01   1.1050005e-01
   5.1041111e-01   1.1039851e-01
   5.1142717e-01   1.1029643e-01
   5.1244318e-01   1.1019379e-01
   5.1345914e-01   1.1009060e-01
   5.1447505e-01   1.0998686e-01
   5.1549090e-01   1.0988258e-01
   5.1650670e-01   1.0977774e-01
   5.1752245e-01   1.0967236e-01
   5.1853815e-01   1.0956643e-01
   5.1955379e-01   1.0945995e-01
   5.2056938e-01   1.0935293e-01
   5.2158491e-01   1.0924536e-01
   5.2260039e-01   1.0913725e-01
   5.2361582e-01   1.0902859e-01
   5.2463119e-01   1.0891939e-01
   5.2564651e-01   1.0880965e-01
   5.2666178e-01   1.0869936e-01
   5.2767699e-01   1.0858854e-01
   5.2869214e-01   1.0847717e-01
   5.2970724e-01   1.0836526e-01
   5.3072228e-01   1.0825282e-01
   5.3173727e-01   1.0813983e-01
   5.3275221e-01   1.0802631e-01
   5.3376708e-01   1.0791225e-01
   5.3478191e-01   1.0779765e-01
   5.3579667e-01   1.0768252e-01
   5.3681138e-01   1.0756685e-01
   5.3782603e-01   1.0745064e-01
   5.3884063e-01   1.0733390e-01
   5.3985517e-01   1.0721663e-01
   5.4086965e-01   1.0709882e-01
   5.4188408e-01   1.0698048e-01
   5.4289844e-01   1.0686160e-01
   5.4391275e-01   1.0674220e-01
   5.4492701e-01   1.0662226e-01
   5.4594120e-01   1.0650180e-01
   5.4695534e-01   1.0638080e-01
   5.4796942e-01   1.0625927e-01
   5.4898344e-01   1.0613722e-01
   5.4999740e-01   1.0601463e-01
   5.5101130e-01   1.0589152e-01
   5.5202515e-01   1.0576788e-01
   5.5303893e-01   1.0564372e-01
   5.5405266e-01   1.0551903e-01
   5.5506632e-01   1.0539381e-01
   5.5607993e-01   1.0526807e-01
   5.5709348e-01   1.0514180e-01
   5.5810696e-01   1.0501501e-01
   5.5912039e-01   1.0488770e-01
   5.6013376e-01   1.0475986e-01
   5.6114707e-01   1.0463150e-01
   5.6216031e-01   1.0450262e-01
   5.6317350e-01   1.0437322e-01
   5.6418662e-01   1.0424330e-01
   5.6519969e-01   1.0411286e-01
   5.6621269e-01   1.0398190e-01
   5.6722563e-01   1.0385041e-01
   5.6823851e-01   1.0371841e-01
   5.6925133e-01   1.0358590e-01
   5.7026409e-01   1.0345286e-01
   5.7127678e-01   1.0331931e-01
   5.7228942e-01   1.0318524e-01
   5.7330199e-01   1.0305065e-01
   5.7431450e-01   1.0291555e-01
   5.7532694e-01   1.0277993e-01
   5.7633933e-01   1.0264380e-01
   5.7735165e-01   1.0250716e-01
   5.7836390e-01   1.0237000e-01
   5.7937610e-01   1.0223233e-01
   5.8038823e-01   1.0209414e-01
   5.8140030e-01   1.0195545e-01
   5.8241230e-01   1.0181624e-01
   5.8342424e-01   1.0167652e-01
   5.8443612e-01   1.0153629e-01
   5.8544793e-01   1.0139555e-01
   5.8645968e-01   1.0125430e-01
   5.8747136e-01   1.0111254e-01
   5.8848298e-01   1.0097027e-01
   5.8949454e-01   1.0082749e-01
   5.9050603e-01   1.0068421e-01
   5.9151745e-01   1.0054041e-01
   5.9252881e-01   1.0039611e-01
   5.9354011e-01   1.0025131e-01
   5.9455134e-01   1.0010599e-01
   5.9556250e-01   9.9960176e-02
   5.9657360e-01   9.9813853e-02
   5.9758464e-01   9.9667025e-02
   5.9859560e-01   9.9519692e-02
   5.9960650e-01   9.9371856e-02
   6.0061734e-01   9.9223516e-02
   6.0162811e-01   9.9074672e-02
   6.0263881e-01   9.8925327e-02
   6.0364944e-01   9.8775479e-02
   6.0466001e-01   9.8625129e-02
   6.0567051e-01   9.8474278e-02
   6.0668095e-01   9.8322926e-02
   6.0769132e-01   9.8171073e-02
   6.0870162e-01   9.8018721e-02
   6.0971185e-01   9.7865868e-02
   6.1072202e-01   9.7712517e-02
   6.1173211e-01   9.7558666e-02
   6.1274214e-01   9.7404317e-02
   6.1375210e-01   9.7249470e-02
   6.1476200e-01   9.7094125e-02
   6.1577182e-01   9.6938283e-02
   6.1678158e-01   9.6781944e-02
   6.1779127e-01   9.6625109e-02
   6.1880089e-01   9.6467777e-02
   6.1981044e-01   9.6309950e-02
   6.2081992e-01   9.6151628e-02
   6.2182933e-01   9.5992810e-02
   6.2283868e-01   9.5833498e-02
   6.2384795e-01   9.5673692e-02
   6.2485716e-01   9.5513392e-02
   6.2586629e-01   9.5352599e-02
   6.2687536e-01   9.5191313e-02
   6.2788435e-01   9.5029534e-02
   6.2889328e-01   9.4867263e-02
   6.2990214e-01   9.4704499e-02
   6.3091092e-01   9.4541245e-02
   6.3191964e-01   9.4377499e-02
   6.3292828e-01   9.4213262e-02
   6.3393685e-01   9.4048535e-02
   6.3494536e-01   9.3883317e-02
   6.3595379e-01   9.3717610e-02
   6.3696215e-01   9.3551414e-02
   6.3797044e-01   9.3384728e-02
   6.3897866e-01   9.3217554e-02
   6.3998681e-01   9.3049891e-02
   6.4099488e-01   9.2881740e-02
   6.4200289e-01   9.2713102e-02
   6.4301082e-01   9.2543976e-02
   6.4401868e-01   9.2374364e-02
   6.4502647e-01   9.2204264e-02
   6.4603419e-01   9.2033678e-02
   6.4704183e-01   9.1862606e-02
   6.4804940e-01   9.1691049e-02
   6.4905690e-01   9.1519006e-02
   6.5006433e-01   9.1346478e-02
   6.5107168e-01   9.1173465e-02
   6.5207896e-01   9.0999968e-02
   6.5308617e-01   9.0825987e-02
   6.5409330e-01   9.0651522e-02
   6.5510036e-01   9.0476573e-02
   6.5610735e-01   9.0301142e-02
   6.5711427e-01   9.0125227e-02
   6.5812111e-01   8.9948830e-02
   6.5912787e-01   8.9771951e-02
   6.6013457e-01   8.9594590e-02
   6.6114119e-01   8.9416747e-02
   6.6214773e-01   8.9238423e-02
   6.6315420e-01   8.9059618e-02
   6.6416060e-01   8.8880332e-02
   6.6516692e-01   8.8700565e-02
   6.6617317e-01   8.8520319e-02
   6.6717934e-01   8.8339592e-02
   6.6818543e-01   8.8158386e-02
   6.6919146e-01   8.7976700e-02
   6.7019740e-01   8.7794536e-02
   6.7120328e-01   8.7611893e-02
   6.7220907e-01   8.7428771e-02
   6.7321479e-01   8.7245171e-02
   6.7422044e-01   8.7061093e-02
   6.7522601e-01   8.6876537e-02
   6.7623150e-01   8.6691504e-02
   6.7723692e-01   8.6505994e-02
   6.7824226e-01   8.6320007e-02
   6.7924753e-01   8.6133543e-02
   6.8025272e-01   8.5946603e-02
   6.8125783e-01   8.5759187e-02
   6.8226287e-01   8.5571295e-02
   6.8326783e-01   8.5382928e-02
   6.8427271e-01   8.5194085e-02
   6.8527752e-01   8.5004767e-02
   6.8628225e-01   8.4814974e-02
   6.8728690e-01   8.4624706e-02
   6.8829147e-01   8.4433965e-02
   6.8929597e-01   8.4242749e-02
   6.9030039e-01   8.4051059e-02
   6.9130473e-01   8.3858895e-02
   6.9230900e-01   8.3666258e-02
   6.9331318e-01   8.3473148e-02
   6.9431729e-01   8.3279565e-02
   6.9532132e-01   8.3085509e-02
   6.9632527e-01   8.2890981e-02
   6.9732915e-01   8.2695981e-02
   6.9833294e-01   8.2500508e-02
   6.9933666e-01   8.2304564e-02
   7.0034030e-01   8.2108148e-02
   7.0134386e-01   8.1911260e-02
   7.0234734e-01   8.1713902e-02
   7.0335074e-01   8.1516072e-02
   7.0435406e-01   8.1317772e-02
   7.0535731e-01   8.1119001e-02
   7.0636047e-01   8.0919760e-02
   7.0736355e-01   8.0720049e-02
   7.0836656e-01   8.0519868e-02
   7.0936948e-01   8.0319217e-02
   7.1037233e-01   8.0118096e-02
   7.1137510e-01   7.9916507e-02
   7.1237778e-01   7.9714448e-02
   7.1338039e-01   7.9511920e-02
   7.1438291e-01   7.9308923e-02
   7.1538536e-01   7.9105458e-02
   7.1638772e-01   7.8901524e-02
   7.1739000e-01   7.8697123e-02
   7.1839221e-01   7.8492253e-02
   7.1939433e-01   7.8286915e-02
   7.2039637e-01   7.8081110e-02
   7.2139833e-01   7.7874837e-02
   7.2240021e-01   7.7668097e-02
   7.2340200e-01   7.7460890e-02
   7.2440372e-01   7.7253216e-02
   7.2540535e-01   7.7045075e-02
   7.2640691e-01   7.6836468e-02
   7.2740838e-01   7.6627394e-02
   7.2840977e-01   7.6417854e-02
   7.2941107e-01   7.6207847e-02
   7.3041230e-01   7.5997375e-02
   7.3141344e-01   7.5786437e-02
   7.3241450e-01   7.5575033e-02
   7.3341548e-01   7.5363164e-02
   7.3441637e-01   7.5150830e-02
   7.3541719e-01   7.4938030e-02
   7.3641792e-01   7.4724765e-02
   7.3741856e-01   7.4511035e-02
   7.3841913e-01   7.4296841e-02
   7.3941961e-01   7.4082182e-02
   7.4042000e-01   7.3867058e-02
   7.4142032e-01   7.3651470e-02
   7.4242055e-01   7.3435418e-02
   7.4342070e-01   7.3218902e-02
   7.4442076e-01   7.3001922e-02
   7.4542074e-01   7.2784478e-02
   7.4642063e-01   7.2566571e-02
   7.4742044e-01   7.2348200e-02
   7.4842017e-01   7.2129366e-02
   7.4941981e-01   7.1910068e-02
   7.5041937e-01   7.1690307e-02
   7.5141885e-01   7.1470083e-02
   7.5241823e-01   7.1249396e-02
   7.5341754e-01   7.1028247e-02
   7.5441676e-01   7.0806634e-02
   7.5541589e-01   7.0584560e-02
   7.5641494e-01   7.0362022e-02
   7.5741391e-01   7.0139023e-02
   7.5841278e-01   6.9915561e-02
   7.5941158e-01   6.9691636e-02
   7.6041029e-01   6.9467250e-02
   7.6140891e-01   6.9242402e-02
   7.6240744e-01   6.9017092e-02
   7.6340589e-01   6.8791321e-02
   7.6440426e-01   6.8565087e-02
   7.6540254e-01   6.8338393e-02
   7.6640073e-01   6.8111236e-02
   7.6739883e-01   6.7883619e-02
   7.6839685e-01   6.7655540e-02
   7.6939478e-01   6.7427000e-02
   7.7039263e-01   6.7197998e-02
   7.7139039e-01   6.6968536e-02
   7.7238806e-01   6.6738613e-02
   7.7338565e-01   6.6508229e-02
   7.7438314e-01   6.6277384e-02
   7.7538055e-01   6.6046079e-02
   7.7637788e-01   6.5814313e-02
   7.7737511e-01   6.5582086e-02
   7.7837226e-01   6.5349399e-02
   7.7936932e-01   6.5116251e-02
   7.8036629e-01   6.4882643e-02
   7.8136317e-01   6.4648575e-02
   7.8235997e-01   6.4414047e-02
   7.8335668e-01   6.4179058e-02
   7.8435329e-01   6.3943609e-02
   7.8534982e-01   6.3707701e-02
   7.8634627e-01   6.3471332e-02
   7.8734262e-01   6.3234503e-02
   7.8833888e-01   6.2997215e-02
   7.8933506e-01   6.2759466e-02
   7.9033114e-01   6.2521258e-02
   7.9132714e-01   6.2282591e-02
   7.9232305e-01   6.2043463e-02
   7.9331887e-01   6.1803876e-02
   7.9431460e-01   6.1563829e-02
   7.9531023e-01   6.1323323e-02
   7.9630578e-01   6.1082357e-02
   7.9730124e-01   6.0840932e-02
   7.9829661e-01   6.0599047e-02
   7.9929189e-01   6.0356703e-02
   8.0028708e-01   6.0113900e-02
   8.0128218e-01   5.9870637e-02
   8.0227718e-01   5.9626915e-02
   8.0327210e-01   5.9382733e-02
   8.0426693e-01   5.9138093e-02
   8.0526166e-01   5.8892993e-02
   8.0625630e-01   5.8647434e-02
   8.0725086e-01   5.8401415e-02
   8.0824532e-01   5.8154938e-02
   8.0923969e-01   5.7908001e-02
   8.1023397e-01   5.7660605e-02
   8.1122815e-01   5.7412750e-02
   8.1222225e-01   5.7164436e-02
   8.1321625e-01   5.6915663e-02
   8.1421016e-01   5.6666431e-02
   8.1520398e-01   5.6416739e-02
   8.1619771e-01   5.6166589e-02
   8.1719134e-01   5.5915979e-02
   8.1818489e-01   5.5664911e-02
   8.1917834e-01   5.5413383e-02
   8.2017169e-01   5.5161396e-02
   8.2116496e-01   5.4908950e-02
   8.2215813e-01   5.4656045e-02
   8.2315120e-01   5.4402680e-02
   8.2414419e-01   5.4148857e-02
   8.2513708e-01   5.3894575e-02
   8.2612987e-01   5.3639833e-02
   8.2712258e-01   5.3384632e-02
   8.2811519e-01   5.3128972e-02
   8.2910770e-01   5.2872853e-02
   8.3010013e-01   5.2616274e-02
   8.3109245e-01   5.2359237e-02
   8.3208469e-01   5.2101740e-02
   8.3307682e-01   5.1843784e-02
   8.3406887e-01   5.1585368e-02
   8.3506082e-01   5.1326493e-02
   8.3605267e-01   5.1067159e-02
   8.3704443e-01   5.0807365e-02
   8.3803610e-01   5.0547112e-02
   8.3902767e-01   5.0286399e-02
   8.4001914e-01   5.0025227e-02
   8.4101052e-01   4.9763595e-02
   8.4200180e-01   4.9501504e-02
   8.4299299e-01   4.9238953e-02
   8.4398408e-01   4.8975943e-02
   8.4497508e-01   4.8712472e-02
   8.4596598e-01   4.8448542e-02
   8.4695678e-01   4.8184152e-02
   8.4794749e-01   4.7919303e-02
   8.4893810e-01   4.7653993e-02
   8.4992861e-01   4.7388223e-02
   8.5091903e-01   4.7121993e-02
   8.5190935e-01   4.6855304e-02
   8.5289957e-01   4.6588154e-02
   8.5388969e-01   4.6320544e-02
   8.5487972e-01   4.6052473e-02
   8.5586965e-01   4.5783942e-02
   8.5685948e-01   4.5514951e-02
   8.5784922e-01   4.5245500e-02
   8.5883886e-01   4.4975587e-02
   8.5982840e-01   4.4705215e-02
   8.6081784e-01   4.4434381e-02
   8.6180718e-01   4.4163087e-02
   8.6279642e-01   4.3891332e-02
   8.6378557e-01   4.3619116e-02
   8.6477462e-01   4.3346439e-02
   8.6576356e-01   4.3073301e-02
   8.6675241e-01   4.2799702e-02
   8.6774116e-01   4.2525642e-02
   8.6872981e-01   4.2251120e-02
   8.6971837e-01   4.1976137e-02
   8.7070682e-01   4.1700693e-02
   8.7169517e-01   4.1424787e-02
   8.7268342e-01   4.1148419e-02
   8.7367157e-01   4.0871590e-02
   8.7465963e-01   4.0594298e-02
   8.7564758e-01   4.0316545e-02
   8.7663543e-01   4.0038330e-02
   8.7762318e-01   3.9759652e-02
   8.7861083e-01   3.9480513e-02
   8.7959838e-01   3.9200911e-02
   8.8058583e-01   3.8920846e-02
   8.8157317e-01   3.8640319e-02
   8.8256042e-01   3.8359329e-02
   8.8354756e-01   3.8077877e-02
   8.8453461e-01   3.7795961e-02
   8.8552155e-01   3.7513583e-02
   8.8650839e-01   3.7230741e-02
   8.8749512e-01   3.6947437e-02
   8.8848176e-01   3.6663669e-02
   8.8946829e-01   3.6379437e-02
   8.9045472e-01   3.6094742e-02
   8.9144105e-01   3.5809583e-02
   8.9242728e-01   3.5523960e-02
   8.9341340e-01   3.5237874e-02
   8.9439942e-01   3.4951323e-02
   8.9538533e-01   3.4664308e-02
   8.9637114e-01   3.4376829e-02
   8.9735685e-01   3.4088885e-02
   8.9834246e-01   3.3800477e-02
   8.9932796e-01   3.3511604e-02
   9.0031336e-01   3.3222266e-02
   9.0129865e-01   3.2932463e-02
   9.0228384e-01   3.2642194e-02
   9.0326892e-01   3.2351461e-02
   9.0425390e-01   3.2060262e-02
   9.0523878e-01   3.1768598e-02
   9.0622355e-01   3.1476467e-02
   9.0720821e-01   3.1183871e-02
   9.0819277e-01   3.0890809e-02
   9.0917723e-01   3.0597281e-02
   9.1016157e-01   3.0303286e-02
   9.1114582e-01   3.0008825e-02
   9.1212995e-01   2.9713897e-02
   9.1311399e-01   2.9418503e-02
   9.1409791e-01   2.9122641e-02
   9.1508173e-01   2.8826313e-02
   9.1606544e-01   2.8529517e-02
   9.1704905e-01   2.8232253e-02
   9.1803255e-01   2.7934522e-02
   9.1901594e-01   2.7636324e-02
   9.1999922e-01   2.7337657e-02
   9.2098240e-01   2.7038522e-02
   9.2196547e-01   2.6738919e-02
   9.2294843e-01   2.6438848e-02
   9.2393128e-01   2.6138308e-02
   9.2491403e-01   2.5837299e-02
   9.2589667e-01   2.5535821e-02
   9.2687920e-01   2.5233874e-02
   9.2786162e-01   2.4931457e-02
   9.2884393e-01   2.4628571e-02
   9.2982614e-01   2.4325216e-02
   9.3080823e-01   2.4021390e-02
   9.3179022e-01   2.3717095e-02
   9.3277209e-01   2.3412329e-02
   9.3375386e-01   2.3107092e-02
   9.3473552e-01   2.2801386e-02
   9.3571707e-01   2.2495208e-02
   9.3669850e-01   2.2188559e-02
   9.3767983e-01   2.1881439e-02
   9.3866105e-01   2.1573847e-02
   9.3964215e-01   2.1265784e-02
   9.4062315e-01   2.0957249e-02
   9.4160403e-01   2.0648242e-02
   9.4258481e-01   2.0338763e-02
   9.4356547e-01   2.0028812e-02
   9.4454602e-01   1.9718388e-02
   9.4552646e-01   1.9407490e-02
   9.4650679e-01   1.9096120e-02
   9.4748700e-01   1.8784277e-02
   9.4846711e-01   1.8471960e-02
   9.4944710e-01   1.8159169e-02
   9.5042698e-01   1.7845905e-02
   9.5140675e-01   1.7532166e-02
   9.5238640e-01   1.7217953e-02
   9.5336594e-01   1.6903266e-02
   9.5434537e-01   1.6588104e-02
   9.5532468e-01   1.6272466e-02
   9.5630388e-01   1.5956354e-02
   9.5728297e-01   1.5639766e-02
   9.5826194e-01   1.5322702e-02
   9.5924080e-01   1.5005162e-02
   9.6021955e-01   1.4687147e-02
   9.6119818e-01   1.4368655e-02
   9.6217669e-01   1.4049686e-02
   9.6315509e-01   1.3730240e-02
   9.6413338e-01   1.3410318e-02
   9.6511155e-01   1.3089918e-02
   9.6608960e-01   1.2769040e-02
   9.6706754e-01   1.2447685e-02
   9.6804536e-01   1.2125851e-02
   9.6902307e-01   1.1803540e-02
   9.7000066e-01   1.1480749e-02
   9.7097814e-01   1.1157480e-02
   9.7195550e-01   1.0833732e-02
   9.7293274e-01   1.0509505e-02
   9.7390986e-01   1.0184798e-02
   9.7488687e-01   9.8596117e-03
   9.7586376e-01   9.5339450e-03
   9.7684053e-01   9.2077980e-03
   9.7781719e-01   8.8811705e-03
   9.7879373e-01   8.5540622e-03
   9.7977015e-01   8.2264728e-03
   9.8074645e-01   7.8984021e-03
   9.8172263e-01   7.5698498e-03
   9.8269869e-01   7.2408156e-03
   9.8367464e-01   6.9112993e-03
   9.8465046e-01   6.5813007e-03
   9.8562617e-01   6.2508193e-03
   9.8660175e-01   5.9198550e-03
   9.8757722e-01   5.5884075e-03
   9.8855257e-01   5.2564766e-03
   9.8952780e-01   4.9240618e-03
   9.9050290e-01   4.5911631e-03
   9.9147789e-01   4.2577800e-03
   9.9245275e-01   3.9239124e-03
   9.9342750e-01   3.5895598e-03
   9.9440212e-01   3.2547222e-03
   9.9537662e-01   2.9193991e-03
   9.9635100e-01   2.5835902e-03
   9.9732526e-01   2.2472954e-03
   9.9829940e-01   1.9105143e-03
   9.9927341e-01   1.5732466e-03
   1.0002469e+00   1.2355713e-03
