#  NACA 0012                                       
#  alpha =   8.0000
#  Mach  =   0.0000
#  Reyn  = 10000000
#  Ncrit =   8.0000
#
#    x           cf
   0.151567E-01  0.853684E-04
   0.133456E-01  0.404376E-03
   0.116603E-01  0.770598E-03
   0.100957E-01  0.117665E-02
   0.864750E-02  0.179361E-02
   0.731280E-02  0.233567E-02
   0.608931E-02  0.305492E-02
   0.497595E-02  0.401049E-02
   0.397273E-02  0.480524E-02
   0.308028E-02  0.601670E-02
   0.229983E-02  0.716150E-02
   0.163298E-02  0.827168E-02
   0.108109E-02  0.956137E-02
   0.644729E-03  0.105420E-01
   0.323213E-03  0.115687E-01
   0.113934E-03  0.123180E-01
   0.124062E-04  0.126417E-01
   0.123967E-04  0.132709E-01
   0.113905E-03  0.129788E-01
   0.323165E-03  0.130247E-01
   0.644695E-03  0.124339E-01
   0.108101E-02  0.113299E-01
   0.163287E-02  0.104287E-01
   0.229971E-02  0.929336E-02
   0.308015E-02  0.791720E-02
   0.397266E-02  0.701979E-02
   0.497580E-02  0.569788E-02
   0.608915E-02  0.482800E-02
   0.731263E-02  0.390588E-02
   0.864732E-02  0.316238E-02
   0.100955E-01  0.233425E-02
   0.116601E-01  0.177018E-02
   0.133454E-01  0.123952E-02
   0.151565E-01  0.823335E-03
   0.170995E-01  0.600889E-03
   0.191813E-01  0.659783E-03
   0.214096E-01  0.514441E-02
   0.237929E-01  0.122642E-01
   0.263398E-01  0.149423E-01
   0.290593E-01  0.147433E-01
   0.319603E-01  0.139166E-01
   0.350509E-01  0.129907E-01
   0.383384E-01  0.121859E-01
   0.418287E-01  0.115265E-01
   0.455256E-01  0.109565E-01
   0.494303E-01  0.104454E-01
   0.535415E-01  0.999668E-02
   0.578549E-01  0.961226E-02
   0.623632E-01  0.924383E-02
   0.670568E-01  0.891139E-02
   0.719239E-01  0.861737E-02
   0.769510E-01  0.832949E-02
   0.821241E-01  0.808432E-02
   0.874289E-01  0.783864E-02
   0.928512E-01  0.762551E-02
   0.983778E-01  0.740778E-02
   0.103996      0.721759E-02
   0.109696      0.704104E-02
   0.115466      0.687913E-02
   0.121298      0.671274E-02
   0.127185      0.657579E-02
   0.133120      0.642384E-02
   0.139098      0.629583E-02
   0.145113      0.617459E-02
   0.151161      0.605066E-02
   0.157239      0.594138E-02
   0.163343      0.583116E-02
   0.169472      0.573341E-02
   0.175623      0.563055E-02
   0.181793      0.553823E-02
   0.187982      0.544683E-02
   0.194187      0.536878E-02
   0.200407      0.527871E-02
   0.206641      0.519986E-02
   0.212889      0.512485E-02
   0.219148      0.504974E-02
   0.225419      0.497830E-02
   0.231700      0.491048E-02
   0.237992      0.483822E-02
   0.244292      0.477737E-02
   0.250601      0.471371E-02
   0.256919      0.465206E-02
   0.263244      0.459494E-02
   0.269576      0.453346E-02
   0.275915      0.447731E-02
   0.282261      0.442621E-02
   0.288613      0.437061E-02
   0.294971      0.431750E-02
   0.301334      0.426927E-02
   0.307703      0.421523E-02
   0.314076      0.417040E-02
   0.320455      0.412422E-02
   0.326838      0.407352E-02
   0.333225      0.403437E-02
   0.339617      0.398574E-02
   0.346012      0.394387E-02
   0.352411      0.390000E-02
   0.358814      0.385837E-02
   0.365220      0.381962E-02
   0.371630      0.377888E-02
   0.378043      0.373977E-02
   0.384458      0.370195E-02
   0.390877      0.366266E-02
   0.397299      0.362609E-02
   0.403723      0.358986E-02
   0.410149      0.355450E-02
   0.416578      0.351889E-02
   0.423010      0.348384E-02
   0.429443      0.345082E-02
   0.435879      0.341735E-02
   0.442317      0.338452E-02
   0.448756      0.335126E-02
   0.455198      0.331935E-02
   0.461641      0.328887E-02
   0.468087      0.325686E-02
   0.474533      0.322734E-02
   0.480982      0.319771E-02
   0.487432      0.316637E-02
   0.493883      0.313807E-02
   0.500336      0.310848E-02
   0.506790      0.308010E-02
   0.513245      0.305272E-02
   0.519702      0.302492E-02
   0.526159      0.299558E-02
   0.532618      0.296958E-02
   0.539078      0.294463E-02
   0.545539      0.291600E-02
   0.552000      0.289084E-02
   0.558463      0.286328E-02
   0.564926      0.283800E-02
   0.571390      0.281352E-02
   0.577855      0.278692E-02
   0.584321      0.276102E-02
   0.590787      0.273856E-02
   0.597254      0.271128E-02
   0.603721      0.268910E-02
   0.610189      0.266341E-02
   0.616657      0.264012E-02
   0.623126      0.261542E-02
   0.629595      0.259211E-02
   0.636064      0.256768E-02
   0.642534      0.254467E-02
   0.649004      0.252006E-02
   0.655474      0.249764E-02
   0.661944      0.247405E-02
   0.668415      0.245112E-02
   0.674885      0.242631E-02
   0.681356      0.240538E-02
   0.687826      0.238129E-02
   0.694297      0.235860E-02
   0.700767      0.233215E-02
   0.707238      0.231165E-02
   0.713708      0.228801E-02
   0.720178      0.226375E-02
   0.726648      0.224064E-02
   0.733118      0.221765E-02
   0.739587      0.219338E-02
   0.746056      0.217134E-02
   0.752525      0.214472E-02
   0.758993      0.212243E-02
   0.765461      0.209728E-02
   0.771928      0.207429E-02
   0.778395      0.204753E-02
   0.784861      0.202329E-02
   0.791327      0.199747E-02
   0.797792      0.197125E-02
   0.804256      0.194677E-02
   0.810720      0.191809E-02
   0.817182      0.189305E-02
   0.823644      0.186515E-02
   0.830104      0.183657E-02
   0.836563      0.180803E-02
   0.843021      0.177947E-02
   0.849478      0.174946E-02
   0.855932      0.171917E-02
   0.862385      0.168873E-02
   0.868835      0.165593E-02
   0.875282      0.162323E-02
   0.881724      0.158933E-02
   0.888162      0.155408E-02
   0.894594      0.151772E-02
   0.901018      0.148172E-02
   0.907432      0.144164E-02
   0.913833      0.140236E-02
   0.920216      0.136041E-02
   0.926578      0.131822E-02
   0.932909      0.127399E-02
   0.939203      0.122835E-02
   0.945448      0.118067E-02
   0.951628      0.113223E-02
   0.957727      0.108048E-02
   0.963724      0.103009E-02
   0.969593      0.978054E-03
   0.975307      0.924982E-03
   0.980837      0.871811E-03
   0.986153      0.820289E-03
   0.991230      0.769364E-03
   0.996046      0.719545E-03
    1.00000      0.684667E-03
    1.00010       0.00000    
    1.00409       0.00000    
    1.00841       0.00000    
    1.01308       0.00000    
    1.01814       0.00000    
    1.02361       0.00000    
    1.02952       0.00000    
    1.03592       0.00000    
    1.04285       0.00000    
    1.05034       0.00000    
    1.05844       0.00000    
    1.06720       0.00000    
    1.07668       0.00000    
    1.08694       0.00000    
    1.09803       0.00000    
    1.11004       0.00000    
    1.12302       0.00000    
    1.13706       0.00000    
    1.15226       0.00000    
    1.16869       0.00000    
    1.18647       0.00000    
    1.20570       0.00000    
    1.22650       0.00000    
    1.24900       0.00000    
    1.27334       0.00000    
    1.29967       0.00000    
    1.32815       0.00000    
    1.35895       0.00000    
    1.39227       0.00000    
    1.42832       0.00000    
    1.46730       0.00000    
    1.50947       0.00000    
    1.55508       0.00000    
    1.60442       0.00000    
    1.65778       0.00000    
    1.71550       0.00000    
    1.77793       0.00000    
    1.84546       0.00000    
    1.91849       0.00000    
    1.99749       0.00000    

   0.170996E-01  0.167484E-03
   0.191814E-01  0.367153E-03
   0.214098E-01  0.557630E-03
   0.237930E-01  0.679813E-03
   0.263399E-01  0.778555E-03
   0.290593E-01  0.918247E-03
   0.319602E-01  0.918059E-03
   0.350508E-01  0.103685E-02
   0.383384E-01  0.101829E-02
   0.418288E-01  0.109654E-02
   0.455256E-01  0.109316E-02
   0.494304E-01  0.110032E-02
   0.535416E-01  0.110948E-02
   0.578549E-01  0.111208E-02
   0.623633E-01  0.109339E-02
   0.670568E-01  0.110884E-02
   0.719239E-01  0.107456E-02
   0.769511E-01  0.107150E-02
   0.821242E-01  0.104806E-02
   0.874290E-01  0.103547E-02
   0.928512E-01  0.103019E-02
   0.983778E-01  0.995210E-03
   0.103996      0.989392E-03
   0.109696      0.968009E-03
   0.115466      0.938846E-03
   0.121299      0.939264E-03
   0.127186      0.908698E-03
   0.133121      0.904838E-03
   0.139098      0.878090E-03
   0.145113      0.861347E-03
   0.151161      0.852366E-03
   0.157239      0.829958E-03
   0.163344      0.819991E-03
   0.169472      0.802249E-03
   0.175623      0.789263E-03
   0.181793      0.772007E-03
   0.187982      0.766012E-03
   0.194186      0.745411E-03
   0.200407      0.734345E-03
   0.206641      0.727015E-03
   0.212889      0.705491E-03
   0.219148      0.706803E-03
   0.225419      0.683573E-03
   0.231700      0.675431E-03
   0.237991      0.665930E-03
   0.244292      0.654250E-03
   0.250601      0.646917E-03
   0.256918      0.634041E-03
   0.263244      0.622780E-03
   0.269576      0.613863E-03
   0.275915      0.607019E-03
   0.282261      0.596884E-03
   0.288613      0.585927E-03
   0.294971      0.580989E-03
   0.301334      0.568251E-03
   0.307702      0.564565E-03
   0.314076      0.551878E-03
   0.320455      0.545666E-03
   0.326838      0.535848E-03
   0.333225      0.531782E-03
   0.339616      0.521933E-03
   0.346012      0.517965E-03
   0.352411      0.507016E-03
   0.358814      0.501481E-03
   0.365220      0.494751E-03
   0.371630      0.489128E-03
   0.378043      0.483566E-03
   0.384458      0.475655E-03
   0.390877      0.468892E-03
   0.397298      0.463194E-03
   0.403722      0.456092E-03
   0.410149      0.451972E-03
   0.416578      0.447744E-03
   0.423009      0.439402E-03
   0.429443      0.433666E-03
   0.435879      0.431160E-03
   0.442317      0.422060E-03
   0.448756      0.419824E-03
   0.455198      0.414777E-03
   0.461642      0.407049E-03
   0.468087      0.406230E-03
   0.474533      0.398839E-03
   0.480982      0.394512E-03
   0.487432      0.391517E-03
   0.493883      0.382700E-03
   0.500336      0.383447E-03
   0.506790      0.377288E-03
   0.513245      0.373695E-03
   0.519702      0.367017E-03
   0.526159      0.365274E-03
   0.532618      0.360777E-03
   0.539078      0.355311E-03
   0.545539      0.352600E-03
   0.552000      0.349125E-03
   0.558463      0.344661E-03
   0.564926      0.342272E-03
   0.571390      0.337590E-03
   0.577855      0.333251E-03
   0.584321      0.331757E-03
   0.590787      0.327683E-03
   0.597254      0.323288E-03
   0.603721      0.319552E-03
   0.610189      0.319015E-03
   0.616657      0.313230E-03
   0.623126      0.309279E-03
   0.629595      0.309035E-03
   0.636064      0.301780E-03
   0.642534      0.298623E-03
   0.649004      0.299883E-03
   0.655474      0.294402E-03
   0.661944      0.290627E-03
   0.668415      0.287490E-03
   0.674885      0.284570E-03
   0.681356      0.283307E-03
   0.687826      0.277253E-03
   0.694297      0.275348E-03
   0.700767      0.272716E-03
   0.707238      0.270019E-03
   0.713708      0.265992E-03
   0.720178      0.265146E-03
   0.726648      0.258206E-03
   0.733118      0.259052E-03
   0.739587      0.252712E-03
   0.746056      0.249779E-03
   0.752525      0.249703E-03
   0.758993      0.241729E-03
   0.765461      0.241371E-03
   0.771928      0.235275E-03
   0.778395      0.234883E-03
   0.784861      0.231487E-03
   0.791327      0.226057E-03
   0.797792      0.223718E-03
   0.804256      0.218513E-03
   0.810719      0.215773E-03
   0.817182      0.212286E-03
   0.823643      0.205094E-03
   0.830104      0.202350E-03
   0.836563      0.199585E-03
   0.843021      0.191573E-03
   0.849478      0.190550E-03
   0.855932      0.183703E-03
   0.862385      0.181115E-03
   0.868835      0.173296E-03
   0.875281      0.168698E-03
   0.881724      0.164517E-03
   0.888162      0.161210E-03
   0.894594      0.151667E-03
   0.901018      0.147665E-03
   0.907432      0.146246E-03
   0.913833      0.141595E-03
   0.920216      0.142250E-03
   0.926577      0.154627E-03
   0.932909      0.519905E-03
   0.939203      0.103942E-02
   0.945448      0.165724E-02
   0.951628      0.212604E-02
   0.957727      0.242674E-02
   0.963724      0.258779E-02
   0.969593      0.267334E-02
   0.975307      0.268046E-02
   0.980837      0.266117E-02
   0.986153      0.261172E-02
   0.991230      0.253064E-02
   0.996046      0.237805E-02
    1.00000      0.244812E-02
    1.00010       0.00000    
    1.00409       0.00000    
    1.00841       0.00000    
    1.01308       0.00000    
    1.01814       0.00000    
    1.02361       0.00000    
    1.02952       0.00000    
    1.03592       0.00000    
    1.04285       0.00000    
    1.05034       0.00000    
    1.05844       0.00000    
    1.06720       0.00000    
    1.07668       0.00000    
    1.08694       0.00000    
    1.09803       0.00000    
    1.11004       0.00000    
    1.12302       0.00000    
    1.13706       0.00000    
    1.15226       0.00000    
    1.16869       0.00000    
    1.18647       0.00000    
    1.20570       0.00000    
    1.22650       0.00000    
    1.24900       0.00000    
    1.27334       0.00000    
    1.29967       0.00000    
    1.32815       0.00000    
    1.35895       0.00000    
    1.39227       0.00000    
    1.42832       0.00000    
    1.46730       0.00000    
    1.50947       0.00000    
    1.55508       0.00000    
    1.60442       0.00000    
    1.65778       0.00000    
    1.71550       0.00000    
    1.77793       0.00000    
    1.84546       0.00000    
    1.91849       0.00000    
    1.99749       0.00000    

