#  NACA 0012                                       
#  alpha =   2.0000
#  Mach  =   0.0000
#  Reyn  =  1000000
#  Ncrit =   8.0000
#
#    x           cf
   0.644729E-03  0.158984E-02
   0.323213E-03  0.382311E-02
   0.113934E-03  0.652365E-02
   0.124062E-04  0.865158E-02
   0.123967E-04  0.110849E-01
   0.113905E-03  0.129187E-01
   0.323165E-03  0.146802E-01
   0.644695E-03  0.163541E-01
   0.108101E-02  0.165857E-01
   0.163287E-02  0.168203E-01
   0.229971E-02  0.174480E-01
   0.308015E-02  0.164798E-01
   0.397266E-02  0.164161E-01
   0.497580E-02  0.148912E-01
   0.608915E-02  0.146275E-01
   0.731263E-02  0.136530E-01
   0.864732E-02  0.126536E-01
   0.100955E-01  0.117204E-01
   0.116601E-01  0.110815E-01
   0.133454E-01  0.102772E-01
   0.151565E-01  0.964360E-02
   0.170995E-01  0.875765E-02
   0.191813E-01  0.834842E-02
   0.214096E-01  0.762227E-02
   0.237929E-01  0.720770E-02
   0.263398E-01  0.669611E-02
   0.290593E-01  0.625869E-02
   0.319603E-01  0.583111E-02
   0.350509E-01  0.552392E-02
   0.383384E-01  0.515045E-02
   0.418287E-01  0.480197E-02
   0.455256E-01  0.453578E-02
   0.494303E-01  0.425337E-02
   0.535415E-01  0.401568E-02
   0.578549E-01  0.383494E-02
   0.623632E-01  0.356386E-02
   0.670568E-01  0.341726E-02
   0.719239E-01  0.320190E-02
   0.769510E-01  0.309968E-02
   0.821241E-01  0.289542E-02
   0.874289E-01  0.277016E-02
   0.928512E-01  0.265064E-02
   0.983778E-01  0.250656E-02
   0.103996      0.241672E-02
   0.109696      0.230574E-02
   0.115466      0.223042E-02
   0.121298      0.212195E-02
   0.127185      0.203719E-02
   0.133120      0.196333E-02
   0.139098      0.187765E-02
   0.145113      0.180996E-02
   0.151161      0.174371E-02
   0.157239      0.168731E-02
   0.163343      0.161048E-02
   0.169472      0.156056E-02
   0.175623      0.150907E-02
   0.181793      0.144468E-02
   0.187982      0.139628E-02
   0.194187      0.135011E-02
   0.200407      0.130359E-02
   0.206641      0.125219E-02
   0.212889      0.121515E-02
   0.219148      0.116824E-02
   0.225419      0.112408E-02
   0.231700      0.109064E-02
   0.237992      0.104673E-02
   0.244292      0.101533E-02
   0.250601      0.977302E-03
   0.256919      0.941859E-03
   0.263244      0.909468E-03
   0.269576      0.871409E-03
   0.275915      0.842988E-03
   0.282261      0.810456E-03
   0.288613      0.786901E-03
   0.294971      0.750287E-03
   0.301334      0.725999E-03
   0.307703      0.693736E-03
   0.314076      0.674037E-03
   0.320455      0.643743E-03
   0.326838      0.622696E-03
   0.333225      0.599277E-03
   0.339617      0.575527E-03
   0.346012      0.555582E-03
   0.352411      0.534394E-03
   0.358814      0.512784E-03
   0.365220      0.499179E-03
   0.371630      0.481092E-03
   0.378043      0.466597E-03
   0.384458      0.454078E-03
   0.390877      0.444245E-03
   0.397299      0.433618E-03
   0.403723      0.428858E-03
   0.410149      0.425695E-03
   0.416578      0.428134E-03
   0.423010      0.433402E-03
   0.429443      0.449676E-03
   0.435879      0.476498E-03
   0.442317      0.520479E-03
   0.448756      0.633729E-03
   0.455198      0.876203E-03
   0.461641      0.122437E-02
   0.468087      0.176109E-02
   0.474533      0.237921E-02
   0.480982      0.298706E-02
   0.487432      0.353276E-02
   0.493883      0.398899E-02
   0.500336      0.434415E-02
   0.506790      0.461948E-02
   0.513245      0.482328E-02
   0.519702      0.496370E-02
   0.526159      0.506181E-02
   0.532618      0.512346E-02
   0.539078      0.516342E-02
   0.545539      0.517087E-02
   0.552000      0.516890E-02
   0.558463      0.515414E-02
   0.564926      0.512676E-02
   0.571390      0.510092E-02
   0.577855      0.505717E-02
   0.584321      0.501687E-02
   0.590787      0.497867E-02
   0.597254      0.492721E-02
   0.603721      0.488268E-02
   0.610189      0.483468E-02
   0.616657      0.478655E-02
   0.623126      0.473887E-02
   0.629595      0.468883E-02
   0.636064      0.464232E-02
   0.642534      0.459395E-02
   0.649004      0.454941E-02
   0.655474      0.450083E-02
   0.661944      0.445936E-02
   0.668415      0.441133E-02
   0.674885      0.436716E-02
   0.681356      0.432425E-02
   0.687826      0.428230E-02
   0.694297      0.424109E-02
   0.700767      0.419270E-02
   0.707238      0.415676E-02
   0.713708      0.411547E-02
   0.720178      0.407339E-02
   0.726648      0.403472E-02
   0.733118      0.399714E-02
   0.739587      0.395526E-02
   0.746056      0.392049E-02
   0.752525      0.387605E-02
   0.758993      0.384335E-02
   0.765461      0.380243E-02
   0.771928      0.376719E-02
   0.778395      0.372580E-02
   0.784861      0.368907E-02
   0.791327      0.365046E-02
   0.797792      0.361151E-02
   0.804256      0.357542E-02
   0.810720      0.353353E-02
   0.817182      0.349691E-02
   0.823644      0.345706E-02
   0.830104      0.341590E-02
   0.836563      0.337295E-02
   0.843021      0.333620E-02
   0.849478      0.329269E-02
   0.855932      0.325018E-02
   0.862385      0.320702E-02
   0.868835      0.316162E-02
   0.875282      0.311640E-02
   0.881724      0.306850E-02
   0.888162      0.301811E-02
   0.894594      0.296750E-02
   0.901018      0.291728E-02
   0.907432      0.286046E-02
   0.913833      0.280352E-02
   0.920216      0.274233E-02
   0.926578      0.268037E-02
   0.932909      0.261481E-02
   0.939203      0.254522E-02
   0.945448      0.247113E-02
   0.951628      0.239461E-02
   0.957727      0.230975E-02
   0.963724      0.222483E-02
   0.969593      0.213439E-02
   0.975307      0.203669E-02
   0.980837      0.193554E-02
   0.986153      0.183386E-02
   0.991230      0.172841E-02
   0.996046      0.161905E-02
    1.00000      0.155554E-02
    1.00010       0.00000    
    1.00409       0.00000    
    1.00841       0.00000    
    1.01308       0.00000    
    1.01814       0.00000    
    1.02361       0.00000    
    1.02953       0.00000    
    1.03593       0.00000    
    1.04285       0.00000    
    1.05034       0.00000    
    1.05845       0.00000    
    1.06721       0.00000    
    1.07670       0.00000    
    1.08696       0.00000    
    1.09806       0.00000    
    1.11007       0.00000    
    1.12307       0.00000    
    1.13712       0.00000    
    1.15233       0.00000    
    1.16878       0.00000    
    1.18658       0.00000    
    1.20583       0.00000    
    1.22666       0.00000    
    1.24919       0.00000    
    1.27357       0.00000    
    1.29994       0.00000    
    1.32847       0.00000    
    1.35934       0.00000    
    1.39273       0.00000    
    1.42885       0.00000    
    1.46793       0.00000    
    1.51021       0.00000    
    1.55595       0.00000    
    1.60543       0.00000    
    1.65896       0.00000    
    1.71687       0.00000    
    1.77952       0.00000    
    1.84729       0.00000    
    1.92062       0.00000    
    1.99994       0.00000    

   0.108109E-02  0.794637E-03
   0.163298E-02  0.260398E-02
   0.229983E-02  0.431253E-02
   0.308028E-02  0.578705E-02
   0.397273E-02  0.651374E-02
   0.497595E-02  0.740352E-02
   0.608931E-02  0.784918E-02
   0.731280E-02  0.807636E-02
   0.864750E-02  0.829216E-02
   0.100957E-01  0.821968E-02
   0.116603E-01  0.817146E-02
   0.133456E-01  0.803945E-02
   0.151567E-01  0.781051E-02
   0.170996E-01  0.774565E-02
   0.191814E-01  0.729324E-02
   0.214098E-01  0.715591E-02
   0.237930E-01  0.695184E-02
   0.263399E-01  0.659848E-02
   0.290593E-01  0.644272E-02
   0.319602E-01  0.604623E-02
   0.350508E-01  0.590429E-02
   0.383384E-01  0.567439E-02
   0.418288E-01  0.539324E-02
   0.455256E-01  0.519490E-02
   0.494304E-01  0.499200E-02
   0.535416E-01  0.476030E-02
   0.578549E-01  0.456283E-02
   0.623633E-01  0.435725E-02
   0.670568E-01  0.424616E-02
   0.719239E-01  0.404442E-02
   0.769511E-01  0.389516E-02
   0.821242E-01  0.375533E-02
   0.874290E-01  0.358307E-02
   0.928512E-01  0.348686E-02
   0.983778E-01  0.336341E-02
   0.103996      0.322746E-02
   0.109696      0.315196E-02
   0.115466      0.300798E-02
   0.121299      0.293308E-02
   0.127186      0.283962E-02
   0.133121      0.275514E-02
   0.139098      0.267410E-02
   0.145113      0.258526E-02
   0.151161      0.252865E-02
   0.157239      0.243673E-02
   0.163344      0.238451E-02
   0.169472      0.231435E-02
   0.175623      0.224130E-02
   0.181793      0.221095E-02
   0.187982      0.212162E-02
   0.194186      0.209760E-02
   0.200407      0.201125E-02
   0.206641      0.199559E-02
   0.212889      0.192832E-02
   0.219148      0.188608E-02
   0.225419      0.183165E-02
   0.231700      0.179981E-02
   0.237991      0.175481E-02
   0.244292      0.171282E-02
   0.250601      0.167659E-02
   0.256918      0.163770E-02
   0.263244      0.160470E-02
   0.269576      0.155670E-02
   0.275915      0.153075E-02
   0.282261      0.148913E-02
   0.288613      0.146667E-02
   0.294971      0.143164E-02
   0.301334      0.139688E-02
   0.307702      0.136696E-02
   0.314076      0.134335E-02
   0.320455      0.130883E-02
   0.326838      0.128310E-02
   0.333225      0.125199E-02
   0.339616      0.122727E-02
   0.346012      0.120304E-02
   0.352411      0.117773E-02
   0.358814      0.115403E-02
   0.365220      0.112706E-02
   0.371630      0.110946E-02
   0.378043      0.108381E-02
   0.384458      0.106189E-02
   0.390877      0.103709E-02
   0.397298      0.101648E-02
   0.403722      0.995341E-03
   0.410149      0.976567E-03
   0.416578      0.957125E-03
   0.423009      0.932969E-03
   0.429443      0.917335E-03
   0.435879      0.898239E-03
   0.442317      0.877132E-03
   0.448756      0.864025E-03
   0.455198      0.842365E-03
   0.461642      0.824058E-03
   0.468087      0.809271E-03
   0.474533      0.791302E-03
   0.480982      0.774989E-03
   0.487432      0.759421E-03
   0.493883      0.741518E-03
   0.500336      0.727768E-03
   0.506790      0.712609E-03
   0.513245      0.697031E-03
   0.519702      0.680535E-03
   0.526159      0.668898E-03
   0.532618      0.652084E-03
   0.539078      0.637214E-03
   0.545539      0.623823E-03
   0.552000      0.609962E-03
   0.558463      0.595959E-03
   0.564926      0.584260E-03
   0.571390      0.568834E-03
   0.577855      0.556353E-03
   0.584321      0.543253E-03
   0.590787      0.529674E-03
   0.597254      0.517466E-03
   0.603721      0.503085E-03
   0.610189      0.492993E-03
   0.616657      0.478545E-03
   0.623126      0.465932E-03
   0.629595      0.454556E-03
   0.636064      0.440272E-03
   0.642534      0.427599E-03
   0.649004      0.418425E-03
   0.655474      0.404300E-03
   0.661944      0.392237E-03
   0.668415      0.380261E-03
   0.674885      0.368647E-03
   0.681356      0.356923E-03
   0.687826      0.343655E-03
   0.694297      0.333527E-03
   0.700767      0.321352E-03
   0.707238      0.309556E-03
   0.713708      0.298770E-03
   0.720178      0.287704E-03
   0.726648      0.275522E-03
   0.733118      0.265430E-03
   0.739587      0.254933E-03
   0.746056      0.243789E-03
   0.752525      0.235273E-03
   0.758993      0.224278E-03
   0.765461      0.215922E-03
   0.771928      0.207123E-03
   0.778395      0.200006E-03
   0.784861      0.193227E-03
   0.791327      0.187374E-03
   0.797792      0.182797E-03
   0.804256      0.180580E-03
   0.810719      0.179082E-03
   0.817182      0.181190E-03
   0.823643      0.184885E-03
   0.830104      0.195684E-03
   0.836563      0.213020E-03
   0.843021      0.240931E-03
   0.849478      0.341052E-03
   0.855932      0.498909E-03
   0.862385      0.726849E-03
   0.868835      0.100622E-02
   0.875281      0.132171E-02
   0.881724      0.164540E-02
   0.888162      0.195833E-02
   0.894594      0.223312E-02
   0.901018      0.247479E-02
   0.907432      0.267935E-02
   0.913833      0.283837E-02
   0.920216      0.296315E-02
   0.926577      0.305428E-02
   0.932909      0.312154E-02
   0.939203      0.316158E-02
   0.945448      0.317915E-02
   0.951628      0.317078E-02
   0.957727      0.315077E-02
   0.963724      0.311032E-02
   0.969593      0.306001E-02
   0.975307      0.298403E-02
   0.980837      0.289685E-02
   0.986153      0.279282E-02
   0.991230      0.266987E-02
   0.996046      0.252199E-02
    1.00000      0.247938E-02
    1.00010       0.00000    
    1.00409       0.00000    
    1.00841       0.00000    
    1.01308       0.00000    
    1.01814       0.00000    
    1.02361       0.00000    
    1.02953       0.00000    
    1.03593       0.00000    
    1.04285       0.00000    
    1.05034       0.00000    
    1.05845       0.00000    
    1.06721       0.00000    
    1.07670       0.00000    
    1.08696       0.00000    
    1.09806       0.00000    
    1.11007       0.00000    
    1.12307       0.00000    
    1.13712       0.00000    
    1.15233       0.00000    
    1.16878       0.00000    
    1.18658       0.00000    
    1.20583       0.00000    
    1.22666       0.00000    
    1.24919       0.00000    
    1.27357       0.00000    
    1.29994       0.00000    
    1.32847       0.00000    
    1.35934       0.00000    
    1.39273       0.00000    
    1.42885       0.00000    
    1.46793       0.00000    
    1.51021       0.00000    
    1.55595       0.00000    
    1.60543       0.00000    
    1.65896       0.00000    
    1.71687       0.00000    
    1.77952       0.00000    
    1.84729       0.00000    
    1.92062       0.00000    
    1.99994       0.00000    

