#  NACA 0012                                       
#  alpha =  -3.5000
#  Mach  =   0.0000
#  Reyn  = 10000000
#  Ncrit =   8.0000
#
#    x           cf
   0.308015E-02  0.730654E-04
   0.397266E-02  0.537321E-03
   0.497580E-02  0.100494E-02
   0.608915E-02  0.124261E-02
   0.731263E-02  0.161607E-02
   0.864732E-02  0.166232E-02
   0.100955E-01  0.184068E-02
   0.116601E-01  0.191117E-02
   0.133454E-01  0.203072E-02
   0.151565E-01  0.198136E-02
   0.170995E-01  0.196661E-02
   0.191813E-01  0.200624E-02
   0.214096E-01  0.195458E-02
   0.237929E-01  0.193340E-02
   0.263398E-01  0.188774E-02
   0.290593E-01  0.184511E-02
   0.319603E-01  0.178647E-02
   0.350509E-01  0.173164E-02
   0.383384E-01  0.169962E-02
   0.418287E-01  0.161300E-02
   0.455256E-01  0.160630E-02
   0.494303E-01  0.150609E-02
   0.535415E-01  0.149276E-02
   0.578549E-01  0.142503E-02
   0.623632E-01  0.135977E-02
   0.670568E-01  0.133786E-02
   0.719239E-01  0.126757E-02
   0.769510E-01  0.125229E-02
   0.821241E-01  0.119854E-02
   0.874289E-01  0.115769E-02
   0.928512E-01  0.112112E-02
   0.983778E-01  0.108054E-02
   0.103996      0.105078E-02
   0.109696      0.101628E-02
   0.115466      0.994922E-03
   0.121298      0.966309E-03
   0.127185      0.929687E-03
   0.133120      0.910451E-03
   0.139098      0.879800E-03
   0.145113      0.850633E-03
   0.151161      0.844133E-03
   0.157239      0.815648E-03
   0.163343      0.791790E-03
   0.169472      0.771267E-03
   0.175623      0.758380E-03
   0.181793      0.739816E-03
   0.187982      0.713506E-03
   0.194187      0.706734E-03
   0.200407      0.685917E-03
   0.206641      0.673983E-03
   0.212889      0.651128E-03
   0.219148      0.644009E-03
   0.225419      0.626874E-03
   0.231700      0.613388E-03
   0.237992      0.600227E-03
   0.244292      0.585302E-03
   0.250601      0.578122E-03
   0.256919      0.564813E-03
   0.263244      0.554744E-03
   0.269576      0.536863E-03
   0.275915      0.532610E-03
   0.282261      0.517444E-03
   0.288613      0.513236E-03
   0.294971      0.495754E-03
   0.301334      0.491406E-03
   0.307703      0.474000E-03
   0.314076      0.473970E-03
   0.320455      0.464458E-03
   0.326838      0.449569E-03
   0.333225      0.449109E-03
   0.339617      0.433730E-03
   0.346012      0.428358E-03
   0.352411      0.419562E-03
   0.358814      0.411554E-03
   0.365220      0.406848E-03
   0.371630      0.395739E-03
   0.378043      0.392071E-03
   0.384458      0.379724E-03
   0.390877      0.378917E-03
   0.397299      0.368334E-03
   0.403723      0.365255E-03
   0.410149      0.355909E-03
   0.416578      0.350939E-03
   0.423010      0.342872E-03
   0.429443      0.339408E-03
   0.435879      0.331893E-03
   0.442317      0.326363E-03
   0.448756      0.319608E-03
   0.455198      0.314975E-03
   0.461641      0.311252E-03
   0.468087      0.303298E-03
   0.474533      0.300215E-03
   0.480982      0.294494E-03
   0.487432      0.290217E-03
   0.493883      0.284982E-03
   0.500336      0.279268E-03
   0.506790      0.276395E-03
   0.513245      0.270461E-03
   0.519702      0.267052E-03
   0.526159      0.262605E-03
   0.532618      0.258513E-03
   0.539078      0.256530E-03
   0.545539      0.250982E-03
   0.552000      0.246980E-03
   0.558463      0.247553E-03
   0.564926      0.242993E-03
   0.571390      0.246832E-03
   0.577855      0.247415E-03
   0.584321      0.258422E-03
   0.590787      0.572774E-03
   0.597254      0.118814E-02
   0.603721      0.211091E-02
   0.610189      0.284988E-02
   0.616657      0.328184E-02
   0.623126      0.349412E-02
   0.629595      0.357122E-02
   0.636064      0.359131E-02
   0.642534      0.356016E-02
   0.649004      0.353242E-02
   0.655474      0.347826E-02
   0.661944      0.343865E-02
   0.668415      0.338124E-02
   0.674885      0.334379E-02
   0.681356      0.329134E-02
   0.687826      0.325602E-02
   0.694297      0.321790E-02
   0.700767      0.317872E-02
   0.707238      0.314662E-02
   0.713708      0.311479E-02
   0.720178      0.308335E-02
   0.726648      0.305615E-02
   0.733118      0.303065E-02
   0.739587      0.300034E-02
   0.746056      0.297973E-02
   0.752525      0.294926E-02
   0.758993      0.293240E-02
   0.765461      0.290637E-02
   0.771928      0.288577E-02
   0.778395      0.286092E-02
   0.784861      0.284049E-02
   0.791327      0.281921E-02
   0.797792      0.279880E-02
   0.804256      0.277752E-02
   0.810720      0.275585E-02
   0.817182      0.273536E-02
   0.823644      0.271545E-02
   0.830104      0.269359E-02
   0.836563      0.266644E-02
   0.843021      0.265510E-02
   0.849478      0.262931E-02
   0.855932      0.260818E-02
   0.862385      0.258550E-02
   0.868835      0.256265E-02
   0.875282      0.254116E-02
   0.881724      0.251706E-02
   0.888162      0.248957E-02
   0.894594      0.246677E-02
   0.901018      0.244095E-02
   0.907432      0.241466E-02
   0.913833      0.238528E-02
   0.920216      0.235441E-02
   0.926578      0.232290E-02
   0.932909      0.229061E-02
   0.939203      0.225516E-02
   0.945448      0.221586E-02
   0.951628      0.217706E-02
   0.957727      0.213219E-02
   0.963724      0.208472E-02
   0.969593      0.203428E-02
   0.975307      0.197168E-02
   0.980837      0.190628E-02
   0.986153      0.183481E-02
   0.991230      0.175162E-02
   0.996046      0.164541E-02
    1.00000      0.162262E-02
    1.00010       0.00000    
    1.00409       0.00000    
    1.00841       0.00000    
    1.01308       0.00000    
    1.01814       0.00000    
    1.02361       0.00000    
    1.02953       0.00000    
    1.03593       0.00000    
    1.04285       0.00000    
    1.05034       0.00000    
    1.05845       0.00000    
    1.06721       0.00000    
    1.07670       0.00000    
    1.08696       0.00000    
    1.09806       0.00000    
    1.11007       0.00000    
    1.12306       0.00000    
    1.13711       0.00000    
    1.15232       0.00000    
    1.16877       0.00000    
    1.18656       0.00000    
    1.20581       0.00000    
    1.22664       0.00000    
    1.24917       0.00000    
    1.27354       0.00000    
    1.29990       0.00000    
    1.32843       0.00000    
    1.35929       0.00000    
    1.39267       0.00000    
    1.42878       0.00000    
    1.46785       0.00000    
    1.51011       0.00000    
    1.55583       0.00000    
    1.60529       0.00000    
    1.65880       0.00000    
    1.71668       0.00000    
    1.77930       0.00000    
    1.84704       0.00000    
    1.92032       0.00000    
    1.99960       0.00000    

   0.229971E-02  0.574297E-03
   0.163287E-02  0.123524E-02
   0.108101E-02  0.214274E-02
   0.644695E-03  0.274515E-02
   0.323165E-03  0.395534E-02
   0.113905E-03  0.443108E-02
   0.123967E-04  0.538634E-02
   0.124062E-04  0.574529E-02
   0.113934E-03  0.685228E-02
   0.323213E-03  0.652139E-02
   0.644729E-03  0.735517E-02
   0.108109E-02  0.701540E-02
   0.163298E-02  0.703350E-02
   0.229983E-02  0.637904E-02
   0.308028E-02  0.665546E-02
   0.397273E-02  0.568602E-02
   0.497595E-02  0.546639E-02
   0.608931E-02  0.505177E-02
   0.731280E-02  0.454570E-02
   0.864750E-02  0.423544E-02
   0.100957E-01  0.383167E-02
   0.116603E-01  0.340288E-02
   0.133456E-01  0.318254E-02
   0.151567E-01  0.286024E-02
   0.170996E-01  0.267520E-02
   0.191814E-01  0.241271E-02
   0.214098E-01  0.216003E-02
   0.237930E-01  0.202556E-02
   0.263399E-01  0.179358E-02
   0.290593E-01  0.173260E-02
   0.319602E-01  0.154206E-02
   0.350508E-01  0.145548E-02
   0.383384E-01  0.130120E-02
   0.418288E-01  0.124782E-02
   0.455256E-01  0.112376E-02
   0.494304E-01  0.108274E-02
   0.535416E-01  0.971572E-03
   0.578549E-01  0.931675E-03
   0.623633E-01  0.855675E-03
   0.670568E-01  0.817936E-03
   0.719239E-01  0.762966E-03
   0.769511E-01  0.732637E-03
   0.821242E-01  0.695688E-03
   0.874290E-01  0.690635E-03
   0.928512E-01  0.857975E-03
   0.983778E-01  0.367409E-02
   0.103996      0.616704E-02
   0.109696      0.702082E-02
   0.115466      0.702406E-02
   0.121299      0.679987E-02
   0.127186      0.656253E-02
   0.133121      0.634327E-02
   0.139098      0.614745E-02
   0.145113      0.600554E-02
   0.151161      0.584706E-02
   0.157239      0.573589E-02
   0.163344      0.562083E-02
   0.169472      0.550987E-02
   0.175623      0.542352E-02
   0.181793      0.531987E-02
   0.187982      0.526195E-02
   0.194186      0.515966E-02
   0.200407      0.509283E-02
   0.206641      0.502578E-02
   0.212889      0.495169E-02
   0.219148      0.488925E-02
   0.225419      0.482069E-02
   0.231700      0.476843E-02
   0.237991      0.470285E-02
   0.244292      0.465037E-02
   0.250601      0.459420E-02
   0.256918      0.454424E-02
   0.263244      0.448745E-02
   0.269576      0.444385E-02
   0.275915      0.439116E-02
   0.282261      0.434504E-02
   0.288613      0.430086E-02
   0.294971      0.425691E-02
   0.301334      0.421252E-02
   0.307702      0.417170E-02
   0.314076      0.413033E-02
   0.320455      0.408603E-02
   0.326838      0.405129E-02
   0.333225      0.400656E-02
   0.339616      0.397724E-02
   0.346012      0.393591E-02
   0.352411      0.390065E-02
   0.358814      0.386467E-02
   0.365220      0.383281E-02
   0.371630      0.379821E-02
   0.378043      0.376558E-02
   0.384458      0.373284E-02
   0.390877      0.369837E-02
   0.397298      0.366908E-02
   0.403722      0.363672E-02
   0.410149      0.361137E-02
   0.416578      0.357541E-02
   0.423009      0.354964E-02
   0.429443      0.351870E-02
   0.435879      0.349487E-02
   0.442317      0.346201E-02
   0.448756      0.344058E-02
   0.455198      0.340805E-02
   0.461642      0.338383E-02
   0.468087      0.335933E-02
   0.474533      0.333052E-02
   0.480982      0.330703E-02
   0.487432      0.327963E-02
   0.493883      0.325654E-02
   0.500336      0.323273E-02
   0.506790      0.320836E-02
   0.513245      0.318460E-02
   0.519702      0.315974E-02
   0.526159      0.313953E-02
   0.532618      0.311425E-02
   0.539078      0.309152E-02
   0.545539      0.306966E-02
   0.552000      0.304830E-02
   0.558463      0.302527E-02
   0.564926      0.300619E-02
   0.571390      0.298124E-02
   0.577855      0.296195E-02
   0.584321      0.294148E-02
   0.590787      0.291833E-02
   0.597254      0.289860E-02
   0.603721      0.287754E-02
   0.610189      0.285940E-02
   0.616657      0.283675E-02
   0.623126      0.281819E-02
   0.629595      0.279751E-02
   0.636064      0.277657E-02
   0.642534      0.275712E-02
   0.649004      0.273893E-02
   0.655474      0.271813E-02
   0.661944      0.269834E-02
   0.668415      0.267954E-02
   0.674885      0.266021E-02
   0.681356      0.263990E-02
   0.687826      0.262050E-02
   0.694297      0.260291E-02
   0.700767      0.258243E-02
   0.707238      0.256179E-02
   0.713708      0.254428E-02
   0.720178      0.252406E-02
   0.726648      0.250415E-02
   0.733118      0.248415E-02
   0.739587      0.246641E-02
   0.746056      0.244497E-02
   0.752525      0.242600E-02
   0.758993      0.240562E-02
   0.765461      0.238498E-02
   0.771928      0.236551E-02
   0.778395      0.234356E-02
   0.784861      0.232287E-02
   0.791327      0.230260E-02
   0.797792      0.227961E-02
   0.804256      0.226074E-02
   0.810719      0.223625E-02
   0.817182      0.221462E-02
   0.823643      0.219049E-02
   0.830104      0.216921E-02
   0.836563      0.214460E-02
   0.843021      0.211871E-02
   0.849478      0.209563E-02
   0.855932      0.206971E-02
   0.862385      0.204209E-02
   0.868835      0.201587E-02
   0.875281      0.198819E-02
   0.881724      0.195812E-02
   0.888162      0.192877E-02
   0.894594      0.189710E-02
   0.901018      0.186433E-02
   0.907432      0.183074E-02
   0.913833      0.179553E-02
   0.920216      0.175871E-02
   0.926577      0.171791E-02
   0.932909      0.167666E-02
   0.939203      0.163505E-02
   0.945448      0.158854E-02
   0.951628      0.153888E-02
   0.957727      0.148773E-02
   0.963724      0.143347E-02
   0.969593      0.137649E-02
   0.975307      0.131572E-02
   0.980837      0.125236E-02
   0.986153      0.118718E-02
   0.991230      0.112007E-02
   0.996046      0.105234E-02
    1.00000      0.100990E-02
    1.00010       0.00000    
    1.00409       0.00000    
    1.00841       0.00000    
    1.01308       0.00000    
    1.01814       0.00000    
    1.02361       0.00000    
    1.02953       0.00000    
    1.03593       0.00000    
    1.04285       0.00000    
    1.05034       0.00000    
    1.05845       0.00000    
    1.06721       0.00000    
    1.07670       0.00000    
    1.08696       0.00000    
    1.09806       0.00000    
    1.11007       0.00000    
    1.12306       0.00000    
    1.13711       0.00000    
    1.15232       0.00000    
    1.16877       0.00000    
    1.18656       0.00000    
    1.20581       0.00000    
    1.22664       0.00000    
    1.24917       0.00000    
    1.27354       0.00000    
    1.29990       0.00000    
    1.32843       0.00000    
    1.35929       0.00000    
    1.39267       0.00000    
    1.42878       0.00000    
    1.46785       0.00000    
    1.51011       0.00000    
    1.55583       0.00000    
    1.60529       0.00000    
    1.65880       0.00000    
    1.71668       0.00000    
    1.77930       0.00000    
    1.84704       0.00000    
    1.92032       0.00000    
    1.99960       0.00000    

