#  NACA 0012                                       
#  alpha =   5.5000
#  Mach  =   0.0000
#  Reyn  =100000000
#  Ncrit =   9.0000
#
#    x           cf
   0.696806E-02  0.737007E-04
   0.628063E-02  0.147024E-03
   0.563103E-02  0.259923E-03
   0.501868E-02  0.323971E-03
   0.444297E-02  0.545683E-03
   0.390342E-02  0.476657E-03
   0.339980E-02  0.756921E-03
   0.293188E-02  0.860978E-03
   0.249943E-02  0.104518E-02
   0.210243E-02  0.111369E-02
   0.174067E-02  0.134472E-02
   0.141413E-02  0.156226E-02
   0.112267E-02  0.154321E-02
   0.866032E-03  0.185291E-02
   0.643962E-03  0.215763E-02
   0.456005E-03  0.193904E-02
   0.301674E-03  0.255302E-02
   0.180160E-03  0.230602E-02
   0.906754E-04  0.263368E-02
   0.322114E-04  0.279860E-02
   0.354899E-05  0.261812E-02
   0.354646E-05  0.287700E-02
   0.322038E-04  0.306106E-02
   0.906627E-04  0.306874E-02
   0.180142E-03  0.296294E-02
   0.301651E-03  0.323672E-02
   0.456005E-03  0.291127E-02
   0.643928E-03  0.310208E-02
   0.866032E-03  0.293075E-02
   0.112263E-02  0.299349E-02
   0.141408E-02  0.268854E-02
   0.174067E-02  0.277020E-02
   0.210237E-02  0.260313E-02
   0.249943E-02  0.257513E-02
   0.293181E-02  0.225797E-02
   0.339974E-02  0.233070E-02
   0.390342E-02  0.204905E-02
   0.444290E-02  0.193660E-02
   0.501860E-02  0.197688E-02
   0.563103E-02  0.162955E-02
   0.628063E-02  0.164356E-02
   0.696806E-02  0.155450E-02
   0.769421E-02  0.134472E-02
   0.846001E-02  0.130808E-02
   0.926678E-02  0.119671E-02
   0.101159E-01  0.107379E-02
   0.110088E-01  0.987034E-03
   0.119473E-01  0.950902E-03
   0.129337E-01  0.862119E-03
   0.139701E-01  0.819551E-03
   0.150593E-01  0.758379E-03
   0.162040E-01  0.653186E-03
   0.174077E-01  0.618294E-03
   0.186740E-01  0.587715E-03
   0.200068E-01  0.529272E-03
   0.214108E-01  0.652642E-02
   0.228909E-01  0.944821E-02
   0.244527E-01  0.962799E-02
   0.261023E-01  0.915733E-02
   0.278464E-01  0.861526E-02
   0.296925E-01  0.829106E-02
   0.316487E-01  0.792985E-02
   0.337238E-01  0.769750E-02
   0.359276E-01  0.747489E-02
   0.382704E-01  0.722982E-02
   0.407632E-01  0.702632E-02
   0.434178E-01  0.681856E-02
   0.462462E-01  0.664173E-02
   0.492607E-01  0.644993E-02
   0.524734E-01  0.628052E-02
   0.558956E-01  0.611458E-02
   0.595379E-01  0.595608E-02
   0.634087E-01  0.580218E-02
   0.675143E-01  0.565331E-02
   0.718581E-01  0.551778E-02
   0.764403E-01  0.537758E-02
   0.812572E-01  0.524866E-02
   0.863022E-01  0.512458E-02
   0.915653E-01  0.501947E-02
   0.970339E-01  0.488838E-02
   0.102694      0.479261E-02
   0.108530      0.468845E-02
   0.114526      0.459381E-02
   0.120668      0.449582E-02
   0.126940      0.441202E-02
   0.133330      0.432536E-02
   0.139824      0.424659E-02
   0.146413      0.417289E-02
   0.153086      0.410419E-02
   0.159835      0.403313E-02
   0.166653      0.396338E-02
   0.173533      0.390125E-02
   0.180470      0.384264E-02
   0.187459      0.378124E-02
   0.194495      0.372861E-02
   0.201575      0.367069E-02
   0.208695      0.362155E-02
   0.215854      0.356576E-02
   0.223047      0.352285E-02
   0.230273      0.347631E-02
   0.237529      0.342562E-02
   0.244815      0.338515E-02
   0.252127      0.334192E-02
   0.259465      0.329505E-02
   0.266828      0.326196E-02
   0.274213      0.321807E-02
   0.281619      0.318004E-02
   0.289047      0.314383E-02
   0.296494      0.310804E-02
   0.303959      0.306755E-02
   0.311443      0.303880E-02
   0.318943      0.300249E-02
   0.326460      0.296922E-02
   0.333992      0.293771E-02
   0.341538      0.290766E-02
   0.349099      0.287204E-02
   0.356674      0.284517E-02
   0.364261      0.281282E-02
   0.371861      0.278615E-02
   0.379473      0.275749E-02
   0.387097      0.272754E-02
   0.394731      0.270182E-02
   0.402376      0.267456E-02
   0.410032      0.264740E-02
   0.417697      0.262264E-02
   0.425371      0.259581E-02
   0.433054      0.257247E-02
   0.440746      0.254757E-02
   0.448447      0.252299E-02
   0.456155      0.249870E-02
   0.463871      0.247493E-02
   0.471595      0.245225E-02
   0.479326      0.243015E-02
   0.487063      0.240762E-02
   0.494807      0.238575E-02
   0.502558      0.236283E-02
   0.510314      0.234186E-02
   0.518076      0.232164E-02
   0.525844      0.230015E-02
   0.533617      0.227894E-02
   0.541395      0.226056E-02
   0.549178      0.223911E-02
   0.556966      0.221903E-02
   0.564757      0.220019E-02
   0.572553      0.217953E-02
   0.580353      0.216169E-02
   0.588157      0.214213E-02
   0.595965      0.212313E-02
   0.603775      0.210437E-02
   0.611589      0.208729E-02
   0.619406      0.206623E-02
   0.627225      0.204954E-02
   0.635047      0.203175E-02
   0.642872      0.201370E-02
   0.650699      0.199419E-02
   0.658527      0.197769E-02
   0.666358      0.195945E-02
   0.674190      0.194093E-02
   0.682024      0.192505E-02
   0.689859      0.190471E-02
   0.697696      0.188900E-02
   0.705533      0.187174E-02
   0.713371      0.185356E-02
   0.721210      0.183442E-02
   0.729050      0.181665E-02
   0.736889      0.180027E-02
   0.744729      0.178142E-02
   0.752569      0.176289E-02
   0.760408      0.174503E-02
   0.768247      0.172659E-02
   0.776086      0.170891E-02
   0.783924      0.168866E-02
   0.791761      0.166857E-02
   0.799596      0.165105E-02
   0.807431      0.162883E-02
   0.815263      0.161167E-02
   0.823094      0.158884E-02
   0.830921      0.156916E-02
   0.838746      0.154882E-02
   0.846567      0.152339E-02
   0.854383      0.150330E-02
   0.862193      0.147807E-02
   0.869995      0.145347E-02
   0.877787      0.142781E-02
   0.885564      0.140327E-02
   0.893322      0.137624E-02
   0.901053      0.134598E-02
   0.908749      0.131680E-02
   0.916396      0.128636E-02
   0.923976      0.125033E-02
   0.931465      0.122075E-02
   0.938833      0.117932E-02
   0.946040      0.114192E-02
   0.953041      0.110242E-02
   0.959787      0.106041E-02
   0.966225      0.101503E-02
   0.972311      0.971225E-03
   0.978008      0.924911E-03
   0.983296      0.880044E-03
   0.988171      0.833324E-03
   0.992643      0.789060E-03
   0.996736      0.743878E-03
    1.00000      0.718645E-03
    1.00010       0.00000    
    1.00340       0.00000    
    1.00699       0.00000    
    1.01090       0.00000    
    1.01516       0.00000    
    1.01980       0.00000    
    1.02485       0.00000    
    1.03036       0.00000    
    1.03635       0.00000    
    1.04289       0.00000    
    1.05000       0.00000    
    1.05775       0.00000    
    1.06619       0.00000    
    1.07539       0.00000    
    1.08541       0.00000    
    1.09632       0.00000    
    1.10820       0.00000    
    1.12115       0.00000    
    1.13525       0.00000    
    1.15060       0.00000    
    1.16733       0.00000    
    1.18555       0.00000    
    1.20540       0.00000    
    1.22702       0.00000    
    1.25057       0.00000    
    1.27622       0.00000    
    1.30415       0.00000    
    1.33458       0.00000    
    1.36772       0.00000    
    1.40382       0.00000    
    1.44314       0.00000    
    1.48597       0.00000    
    1.53261       0.00000    
    1.58342       0.00000    
    1.63876       0.00000    
    1.69903       0.00000    
    1.76467       0.00000    
    1.83618       0.00000    
    1.91405       0.00000    
    1.99887       0.00000    

   0.769421E-02  0.102725E-05
   0.846010E-02  0.640551E-04
   0.926685E-02  0.147271E-03
   0.101159E-01  0.146833E-03
   0.110088E-01  0.286198E-03
   0.119474E-01  0.199867E-03
   0.129337E-01  0.370775E-03
   0.139702E-01  0.286964E-03
   0.150593E-01  0.392358E-03
   0.162041E-01  0.363926E-03
   0.174077E-01  0.409485E-03
   0.186740E-01  0.430051E-03
   0.200068E-01  0.406362E-03
   0.214107E-01  0.457849E-03
   0.228909E-01  0.437875E-03
   0.244527E-01  0.481534E-03
   0.261022E-01  0.445014E-03
   0.278463E-01  0.470674E-03
   0.296924E-01  0.465727E-03
   0.316485E-01  0.468584E-03
   0.337237E-01  0.449546E-03
   0.359274E-01  0.483272E-03
   0.382703E-01  0.444831E-03
   0.407631E-01  0.460394E-03
   0.434177E-01  0.446835E-03
   0.462462E-01  0.441614E-03
   0.492607E-01  0.441718E-03
   0.524733E-01  0.434870E-03
   0.558955E-01  0.407551E-03
   0.595378E-01  0.418216E-03
   0.634086E-01  0.403452E-03
   0.675142E-01  0.406201E-03
   0.718581E-01  0.376427E-03
   0.764402E-01  0.381267E-03
   0.812574E-01  0.370319E-03
   0.863022E-01  0.359060E-03
   0.915653E-01  0.352306E-03
   0.970339E-01  0.337896E-03
   0.102694      0.329870E-03
   0.108530      0.327509E-03
   0.114526      0.314669E-03
   0.120668      0.309604E-03
   0.126940      0.292595E-03
   0.133330      0.293470E-03
   0.139824      0.282454E-03
   0.146413      0.279839E-03
   0.153086      0.264879E-03
   0.159835      0.264329E-03
   0.166653      0.256870E-03
   0.173533      0.250365E-03
   0.180470      0.241175E-03
   0.187459      0.240653E-03
   0.194495      0.231107E-03
   0.201575      0.227899E-03
   0.208695      0.221284E-03
   0.215854      0.218379E-03
   0.223047      0.210027E-03
   0.230273      0.208331E-03
   0.237529      0.202693E-03
   0.244815      0.197252E-03
   0.252127      0.194612E-03
   0.259465      0.189665E-03
   0.266827      0.187657E-03
   0.274212      0.178877E-03
   0.281619      0.180034E-03
   0.289046      0.172888E-03
   0.296493      0.171642E-03
   0.303959      0.168863E-03
   0.311442      0.162134E-03
   0.318942      0.162550E-03
   0.326459      0.156277E-03
   0.333991      0.156842E-03
   0.341538      0.640036E-03
   0.349098      0.231133E-02
   0.356673      0.292257E-02
   0.364261      0.287514E-02
   0.371860      0.274974E-02
   0.379473      0.265638E-02
   0.387096      0.259761E-02
   0.394730      0.254992E-02
   0.402376      0.251184E-02
   0.410031      0.247962E-02
   0.417696      0.244375E-02
   0.425370      0.242145E-02
   0.433053      0.239456E-02
   0.440746      0.237215E-02
   0.448446      0.234830E-02
   0.456155      0.232809E-02
   0.463871      0.230787E-02
   0.471594      0.228726E-02
   0.479325      0.227209E-02
   0.487063      0.225625E-02
   0.494807      0.223550E-02
   0.502557      0.222712E-02
   0.510314      0.220578E-02
   0.518076      0.219526E-02
   0.525843      0.217835E-02
   0.533616      0.216593E-02
   0.541395      0.215506E-02
   0.549177      0.213819E-02
   0.556965      0.212847E-02
   0.564757      0.211427E-02
   0.572553      0.210336E-02
   0.580353      0.209285E-02
   0.588157      0.208211E-02
   0.595964      0.207282E-02
   0.603775      0.205645E-02
   0.611588      0.204972E-02
   0.619405      0.203774E-02
   0.627225      0.202638E-02
   0.635047      0.201983E-02
   0.642872      0.200890E-02
   0.650698      0.199749E-02
   0.658527      0.198813E-02
   0.666358      0.197785E-02
   0.674190      0.196919E-02
   0.682024      0.195833E-02
   0.689859      0.195269E-02
   0.697696      0.193589E-02
   0.705533      0.193365E-02
   0.713371      0.192003E-02
   0.721210      0.191264E-02
   0.729049      0.190264E-02
   0.736889      0.189579E-02
   0.744728      0.188051E-02
   0.752568      0.187433E-02
   0.760407      0.186682E-02
   0.768247      0.185320E-02
   0.776085      0.184610E-02
   0.783923      0.183430E-02
   0.791760      0.182689E-02
   0.799596      0.181293E-02
   0.807430      0.180623E-02
   0.815262      0.179397E-02
   0.823093      0.178203E-02
   0.830921      0.177215E-02
   0.838746      0.176199E-02
   0.846567      0.174872E-02
   0.854383      0.173580E-02
   0.862193      0.172188E-02
   0.869995      0.171040E-02
   0.877786      0.169651E-02
   0.885563      0.168090E-02
   0.893321      0.166822E-02
   0.901053      0.165131E-02
   0.908749      0.163051E-02
   0.916396      0.161512E-02
   0.923976      0.159675E-02
   0.931465      0.157032E-02
   0.938833      0.155298E-02
   0.946040      0.152570E-02
   0.953041      0.149819E-02
   0.959787      0.147425E-02
   0.966226      0.144126E-02
   0.972311      0.140601E-02
   0.978008      0.136703E-02
   0.983296      0.133075E-02
   0.988171      0.128762E-02
   0.992644      0.123865E-02
   0.996736      0.118014E-02
    1.00000      0.117894E-02
    1.00010       0.00000    
    1.00340       0.00000    
    1.00699       0.00000    
    1.01090       0.00000    
    1.01516       0.00000    
    1.01980       0.00000    
    1.02485       0.00000    
    1.03036       0.00000    
    1.03635       0.00000    
    1.04289       0.00000    
    1.05000       0.00000    
    1.05775       0.00000    
    1.06619       0.00000    
    1.07539       0.00000    
    1.08541       0.00000    
    1.09632       0.00000    
    1.10820       0.00000    
    1.12115       0.00000    
    1.13525       0.00000    
    1.15060       0.00000    
    1.16733       0.00000    
    1.18555       0.00000    
    1.20540       0.00000    
    1.22702       0.00000    
    1.25057       0.00000    
    1.27622       0.00000    
    1.30415       0.00000    
    1.33458       0.00000    
    1.36772       0.00000    
    1.40382       0.00000    
    1.44314       0.00000    
    1.48597       0.00000    
    1.53261       0.00000    
    1.58342       0.00000    
    1.63876       0.00000    
    1.69903       0.00000    
    1.76467       0.00000    
    1.83618       0.00000    
    1.91405       0.00000    
    1.99887       0.00000    

