#  NACA 0012                                       
#  alpha =   3.5000
#  Mach  =   0.0000
#  Reyn  =  1000000
#  Ncrit =   9.0000
#
#    x           cf
   0.249943E-02  0.981526E-03
   0.210243E-02  0.172071E-02
   0.174067E-02  0.335242E-02
   0.141413E-02  0.426911E-02
   0.112267E-02  0.563305E-02
   0.866032E-03  0.782964E-02
   0.643962E-03  0.804492E-02
   0.456005E-03  0.100618E-01
   0.301674E-03  0.118830E-01
   0.180160E-03  0.125898E-01
   0.906754E-04  0.144743E-01
   0.322114E-04  0.154674E-01
   0.354899E-05  0.163197E-01
   0.354646E-05  0.179454E-01
   0.322038E-04  0.184666E-01
   0.906627E-04  0.202426E-01
   0.180142E-03  0.197056E-01
   0.301651E-03  0.219049E-01
   0.456005E-03  0.214113E-01
   0.643928E-03  0.213231E-01
   0.866032E-03  0.229533E-01
   0.112263E-02  0.209669E-01
   0.141408E-02  0.226462E-01
   0.174067E-02  0.208320E-01
   0.210237E-02  0.208146E-01
   0.249943E-02  0.209858E-01
   0.293181E-02  0.198129E-01
   0.339974E-02  0.196034E-01
   0.390342E-02  0.181662E-01
   0.444290E-02  0.179718E-01
   0.501860E-02  0.170376E-01
   0.563103E-02  0.161200E-01
   0.628063E-02  0.154941E-01
   0.696806E-02  0.150411E-01
   0.769421E-02  0.141825E-01
   0.846001E-02  0.133086E-01
   0.926678E-02  0.127902E-01
   0.101159E-01  0.121758E-01
   0.110088E-01  0.114879E-01
   0.119473E-01  0.107405E-01
   0.129337E-01  0.104187E-01
   0.139701E-01  0.978300E-02
   0.150593E-01  0.917485E-02
   0.162040E-01  0.883349E-02
   0.174077E-01  0.821350E-02
   0.186740E-01  0.789745E-02
   0.200068E-01  0.740668E-02
   0.214108E-01  0.706789E-02
   0.228909E-01  0.668337E-02
   0.244527E-01  0.635315E-02
   0.261023E-01  0.598583E-02
   0.278464E-01  0.567910E-02
   0.296925E-01  0.535883E-02
   0.316487E-01  0.507241E-02
   0.337238E-01  0.480490E-02
   0.359276E-01  0.460388E-02
   0.382704E-01  0.427300E-02
   0.407632E-01  0.412066E-02
   0.434178E-01  0.390329E-02
   0.462462E-01  0.359781E-02
   0.492607E-01  0.347701E-02
   0.524734E-01  0.326410E-02
   0.558956E-01  0.311595E-02
   0.595379E-01  0.293134E-02
   0.634087E-01  0.276175E-02
   0.675143E-01  0.260671E-02
   0.718581E-01  0.251166E-02
   0.764403E-01  0.233862E-02
   0.812572E-01  0.222012E-02
   0.863022E-01  0.211026E-02
   0.915653E-01  0.199184E-02
   0.970339E-01  0.188212E-02
   0.102694      0.179000E-02
   0.108530      0.169340E-02
   0.114526      0.159694E-02
   0.120668      0.152991E-02
   0.126940      0.144596E-02
   0.133330      0.136550E-02
   0.139824      0.130464E-02
   0.146413      0.123166E-02
   0.153086      0.117862E-02
   0.159835      0.110994E-02
   0.166653      0.104822E-02
   0.173533      0.996791E-03
   0.180470      0.950026E-03
   0.187459      0.898006E-03
   0.194495      0.850906E-03
   0.201575      0.799499E-03
   0.208695      0.765655E-03
   0.215854      0.723668E-03
   0.223047      0.690919E-03
   0.230273      0.648098E-03
   0.237529      0.621915E-03
   0.244815      0.587376E-03
   0.252127      0.565325E-03
   0.259465      0.544028E-03
   0.266828      0.530014E-03
   0.274213      0.516868E-03
   0.281619      0.514655E-03
   0.289047      0.523482E-03
   0.296494      0.550779E-03
   0.303959      0.605987E-03
   0.311443      0.741697E-03
   0.318943      0.118367E-02
   0.326460      0.182993E-02
   0.333992      0.283416E-02
   0.341538      0.383030E-02
   0.349099      0.464602E-02
   0.356674      0.523904E-02
   0.364261      0.563722E-02
   0.371861      0.588370E-02
   0.379473      0.602029E-02
   0.387097      0.608439E-02
   0.394731      0.610132E-02
   0.402376      0.607507E-02
   0.410032      0.602796E-02
   0.417697      0.596652E-02
   0.425371      0.589747E-02
   0.433054      0.582190E-02
   0.440746      0.574333E-02
   0.448447      0.565884E-02
   0.456155      0.557874E-02
   0.463871      0.549369E-02
   0.471595      0.541973E-02
   0.479326      0.533850E-02
   0.487063      0.526726E-02
   0.494807      0.519152E-02
   0.502558      0.512094E-02
   0.510314      0.505086E-02
   0.518076      0.498757E-02
   0.525844      0.491953E-02
   0.533617      0.485597E-02
   0.541395      0.480066E-02
   0.549178      0.473701E-02
   0.556966      0.468128E-02
   0.564757      0.462587E-02
   0.572553      0.456896E-02
   0.580353      0.451924E-02
   0.588157      0.446706E-02
   0.595965      0.441319E-02
   0.603775      0.436662E-02
   0.611589      0.431999E-02
   0.619406      0.426711E-02
   0.627225      0.422629E-02
   0.635047      0.417861E-02
   0.642872      0.413562E-02
   0.650699      0.408779E-02
   0.658527      0.404485E-02
   0.666358      0.400355E-02
   0.674190      0.395842E-02
   0.682024      0.391865E-02
   0.689859      0.387372E-02
   0.697696      0.383483E-02
   0.705533      0.379437E-02
   0.713371      0.375264E-02
   0.721210      0.370887E-02
   0.729050      0.366791E-02
   0.736889      0.363021E-02
   0.744729      0.358672E-02
   0.752569      0.354504E-02
   0.760408      0.350472E-02
   0.768247      0.346351E-02
   0.776086      0.342262E-02
   0.783924      0.337715E-02
   0.791761      0.333368E-02
   0.799596      0.329261E-02
   0.807431      0.324483E-02
   0.815263      0.320420E-02
   0.823094      0.315484E-02
   0.830921      0.311009E-02
   0.838746      0.306382E-02
   0.846567      0.300872E-02
   0.854383      0.296166E-02
   0.862193      0.290735E-02
   0.869995      0.285126E-02
   0.877787      0.279498E-02
   0.885564      0.273837E-02
   0.893322      0.267641E-02
   0.901053      0.261126E-02
   0.908749      0.254489E-02
   0.916396      0.247620E-02
   0.923976      0.239763E-02
   0.931465      0.232815E-02
   0.938833      0.224068E-02
   0.946040      0.215647E-02
   0.953041      0.207071E-02
   0.959787      0.198123E-02
   0.966225      0.188636E-02
   0.972311      0.179586E-02
   0.978008      0.170287E-02
   0.983296      0.161418E-02
   0.988171      0.152534E-02
   0.992643      0.144316E-02
   0.996736      0.136186E-02
    1.00000      0.131193E-02
    1.00010       0.00000    
    1.00340       0.00000    
    1.00699       0.00000    
    1.01090       0.00000    
    1.01516       0.00000    
    1.01980       0.00000    
    1.02485       0.00000    
    1.03036       0.00000    
    1.03635       0.00000    
    1.04289       0.00000    
    1.05000       0.00000    
    1.05775       0.00000    
    1.06620       0.00000    
    1.07539       0.00000    
    1.08541       0.00000    
    1.09632       0.00000    
    1.10821       0.00000    
    1.12116       0.00000    
    1.13526       0.00000    
    1.15063       0.00000    
    1.16736       0.00000    
    1.18559       0.00000    
    1.20544       0.00000    
    1.22707       0.00000    
    1.25063       0.00000    
    1.27629       0.00000    
    1.30424       0.00000    
    1.33468       0.00000    
    1.36784       0.00000    
    1.40397       0.00000    
    1.44331       0.00000    
    1.48617       0.00000    
    1.53285       0.00000    
    1.58370       0.00000    
    1.63909       0.00000    
    1.69942       0.00000    
    1.76513       0.00000    
    1.83671       0.00000    
    1.91468       0.00000    
    1.99961       0.00000    

   0.293188E-02  0.377789E-03
   0.339980E-02  0.932760E-03
   0.390342E-02  0.235285E-02
   0.444297E-02  0.240099E-02
   0.501868E-02  0.379779E-02
   0.563103E-02  0.362126E-02
   0.628063E-02  0.476215E-02
   0.696806E-02  0.454816E-02
   0.769421E-02  0.564102E-02
   0.846010E-02  0.540633E-02
   0.926685E-02  0.579846E-02
   0.101159E-01  0.603738E-02
   0.110088E-01  0.607843E-02
   0.119474E-01  0.625075E-02
   0.129337E-01  0.629885E-02
   0.139702E-01  0.643169E-02
   0.150593E-01  0.664587E-02
   0.162041E-01  0.621929E-02
   0.174077E-01  0.642313E-02
   0.186740E-01  0.646643E-02
   0.200068E-01  0.619540E-02
   0.214107E-01  0.644492E-02
   0.228909E-01  0.615543E-02
   0.244527E-01  0.614901E-02
   0.261022E-01  0.594998E-02
   0.278463E-01  0.597952E-02
   0.296924E-01  0.589441E-02
   0.316485E-01  0.568912E-02
   0.337237E-01  0.559935E-02
   0.359274E-01  0.544615E-02
   0.382703E-01  0.548838E-02
   0.407631E-01  0.521030E-02
   0.434177E-01  0.509862E-02
   0.462462E-01  0.498229E-02
   0.492607E-01  0.488538E-02
   0.524733E-01  0.471294E-02
   0.558955E-01  0.455226E-02
   0.595378E-01  0.448682E-02
   0.634086E-01  0.434437E-02
   0.675142E-01  0.420725E-02
   0.718581E-01  0.404568E-02
   0.764402E-01  0.397142E-02
   0.812574E-01  0.381223E-02
   0.863022E-01  0.369681E-02
   0.915653E-01  0.357480E-02
   0.970339E-01  0.346635E-02
   0.102694      0.335988E-02
   0.108530      0.323167E-02
   0.114526      0.317021E-02
   0.120668      0.303534E-02
   0.126940      0.297611E-02
   0.133330      0.285063E-02
   0.139824      0.279874E-02
   0.146413      0.269049E-02
   0.153086      0.262134E-02
   0.159835      0.255234E-02
   0.166653      0.248321E-02
   0.173533      0.240965E-02
   0.180470      0.235115E-02
   0.187459      0.228367E-02
   0.194495      0.221569E-02
   0.201575      0.216690E-02
   0.208695      0.210780E-02
   0.215854      0.205290E-02
   0.223047      0.199767E-02
   0.230273      0.196058E-02
   0.237529      0.189706E-02
   0.244815      0.185736E-02
   0.252127      0.181112E-02
   0.259465      0.176882E-02
   0.266827      0.172679E-02
   0.274212      0.168290E-02
   0.281619      0.165392E-02
   0.289046      0.160816E-02
   0.296493      0.157621E-02
   0.303959      0.153456E-02
   0.311442      0.150105E-02
   0.318942      0.146906E-02
   0.326459      0.143636E-02
   0.333991      0.140083E-02
   0.341538      0.137232E-02
   0.349098      0.134720E-02
   0.356673      0.131305E-02
   0.364261      0.128478E-02
   0.371860      0.126023E-02
   0.379473      0.123117E-02
   0.387096      0.120494E-02
   0.394730      0.117872E-02
   0.402376      0.115711E-02
   0.410031      0.113025E-02
   0.417696      0.110761E-02
   0.425370      0.108085E-02
   0.433053      0.106115E-02
   0.440746      0.104173E-02
   0.448446      0.101874E-02
   0.456155      0.997492E-03
   0.463871      0.975967E-03
   0.471594      0.955824E-03
   0.479325      0.936732E-03
   0.487063      0.919337E-03
   0.494807      0.897763E-03
   0.502557      0.881290E-03
   0.510314      0.864911E-03
   0.518076      0.845876E-03
   0.525843      0.827524E-03
   0.533616      0.812220E-03
   0.541395      0.794439E-03
   0.549177      0.775603E-03
   0.556965      0.760997E-03
   0.564757      0.742978E-03
   0.572553      0.729522E-03
   0.580353      0.713707E-03
   0.588157      0.699616E-03
   0.595964      0.686334E-03
   0.603775      0.665919E-03
   0.611588      0.653488E-03
   0.619405      0.637621E-03
   0.627225      0.622968E-03
   0.635047      0.610105E-03
   0.642872      0.596195E-03
   0.650698      0.579060E-03
   0.658527      0.564339E-03
   0.666358      0.549002E-03
   0.674190      0.535750E-03
   0.682024      0.519029E-03
   0.689859      0.507527E-03
   0.697696      0.486567E-03
   0.705533      0.475887E-03
   0.713371      0.457761E-03
   0.721210      0.443373E-03
   0.729049      0.427255E-03
   0.736889      0.412125E-03
   0.744728      0.391254E-03
   0.752568      0.376515E-03
   0.760407      0.359282E-03
   0.768247      0.339353E-03
   0.776085      0.321695E-03
   0.783923      0.302914E-03
   0.791760      0.283431E-03
   0.799596      0.261862E-03
   0.807430      0.242856E-03
   0.815262      0.221172E-03
   0.823093      0.199449E-03
   0.830921      0.178493E-03
   0.838746      0.157179E-03
   0.846567      0.134759E-03
   0.854383      0.112879E-03
   0.862193      0.914079E-04
   0.869995      0.719987E-04
   0.877786      0.531033E-04
   0.885563      0.349087E-04
   0.893321      0.197017E-04
   0.901053      0.523043E-05
   0.908749     -0.786389E-05
   0.916396     -0.169725E-04
   0.923976     -0.236730E-04
   0.931465     -0.285269E-04
   0.938833     -0.279823E-04
   0.946040     -0.230992E-04
   0.953041      0.475569E-06
   0.959787      0.110603E-03
   0.966226      0.260415E-03
   0.972311      0.461882E-03
   0.978008      0.663216E-03
   0.983296      0.851422E-03
   0.988171      0.100093E-02
   0.992644      0.111065E-02
   0.996736      0.117863E-02
    1.00000      0.127373E-02
    1.00010       0.00000    
    1.00340       0.00000    
    1.00699       0.00000    
    1.01090       0.00000    
    1.01516       0.00000    
    1.01980       0.00000    
    1.02485       0.00000    
    1.03036       0.00000    
    1.03635       0.00000    
    1.04289       0.00000    
    1.05000       0.00000    
    1.05775       0.00000    
    1.06620       0.00000    
    1.07539       0.00000    
    1.08541       0.00000    
    1.09632       0.00000    
    1.10821       0.00000    
    1.12116       0.00000    
    1.13526       0.00000    
    1.15063       0.00000    
    1.16736       0.00000    
    1.18559       0.00000    
    1.20544       0.00000    
    1.22707       0.00000    
    1.25063       0.00000    
    1.27629       0.00000    
    1.30424       0.00000    
    1.33468       0.00000    
    1.36784       0.00000    
    1.40397       0.00000    
    1.44331       0.00000    
    1.48617       0.00000    
    1.53285       0.00000    
    1.58370       0.00000    
    1.63909       0.00000    
    1.69942       0.00000    
    1.76513       0.00000    
    1.83671       0.00000    
    1.91468       0.00000    
    1.99961       0.00000    

