#  NACA 0012                                       
#  alpha =   3.0000
#  Mach  =   0.0000
#  Reyn  = 10000000
#  Ncrit =   9.0000
#
#    x           cf
   0.210243E-02  0.927460E-04
   0.174067E-02  0.420256E-03
   0.141413E-02  0.915842E-03
   0.112267E-02  0.113584E-02
   0.866032E-03  0.175882E-02
   0.643962E-03  0.207809E-02
   0.456005E-03  0.254859E-02
   0.301674E-03  0.298476E-02
   0.180160E-03  0.331312E-02
   0.906754E-04  0.432961E-02
   0.322114E-04  0.376288E-02
   0.354899E-05  0.471077E-02
   0.354646E-05  0.545388E-02
   0.322038E-04  0.470506E-02
   0.906627E-04  0.606810E-02
   0.180142E-03  0.583023E-02
   0.301651E-03  0.579923E-02
   0.456005E-03  0.685976E-02
   0.643928E-03  0.610493E-02
   0.866032E-03  0.669819E-02
   0.112263E-02  0.611126E-02
   0.141408E-02  0.691843E-02
   0.174067E-02  0.634103E-02
   0.210237E-02  0.609065E-02
   0.249943E-02  0.654409E-02
   0.293181E-02  0.621954E-02
   0.339974E-02  0.551279E-02
   0.390342E-02  0.565385E-02
   0.444290E-02  0.560499E-02
   0.501860E-02  0.524149E-02
   0.563103E-02  0.508390E-02
   0.628063E-02  0.486113E-02
   0.696806E-02  0.461350E-02
   0.769421E-02  0.446572E-02
   0.846001E-02  0.409500E-02
   0.926678E-02  0.396426E-02
   0.101159E-01  0.380695E-02
   0.110088E-01  0.375877E-02
   0.119473E-01  0.334604E-02
   0.129337E-01  0.327458E-02
   0.139701E-01  0.318035E-02
   0.150593E-01  0.305939E-02
   0.162040E-01  0.275697E-02
   0.174077E-01  0.266552E-02
   0.186740E-01  0.256264E-02
   0.200068E-01  0.235303E-02
   0.214108E-01  0.225323E-02
   0.228909E-01  0.226904E-02
   0.244527E-01  0.201515E-02
   0.261023E-01  0.195581E-02
   0.278464E-01  0.188680E-02
   0.296925E-01  0.175587E-02
   0.316487E-01  0.172575E-02
   0.337238E-01  0.159637E-02
   0.359276E-01  0.151512E-02
   0.382704E-01  0.144650E-02
   0.407632E-01  0.134774E-02
   0.434178E-01  0.133554E-02
   0.462462E-01  0.120529E-02
   0.492607E-01  0.118035E-02
   0.524734E-01  0.111950E-02
   0.558956E-01  0.104782E-02
   0.595379E-01  0.100306E-02
   0.634087E-01  0.959305E-03
   0.675143E-01  0.884400E-03
   0.718581E-01  0.881145E-03
   0.764403E-01  0.801858E-03
   0.812572E-01  0.782784E-03
   0.863022E-01  0.729448E-03
   0.915653E-01  0.702777E-03
   0.970339E-01  0.663258E-03
   0.102694      0.642767E-03
   0.108530      0.609036E-03
   0.114526      0.586347E-03
   0.120668      0.586838E-03
   0.126940      0.783491E-03
   0.133330      0.323094E-02
   0.139824      0.548031E-02
   0.146413      0.632921E-02
   0.153086      0.637843E-02
   0.159835      0.621258E-02
   0.166653      0.597556E-02
   0.173533      0.579784E-02
   0.180470      0.562841E-02
   0.187459      0.549680E-02
   0.194495      0.535430E-02
   0.201575      0.523994E-02
   0.208695      0.515193E-02
   0.215854      0.505869E-02
   0.223047      0.496993E-02
   0.230273      0.488446E-02
   0.237529      0.481159E-02
   0.244815      0.473574E-02
   0.252127      0.467337E-02
   0.259465      0.459909E-02
   0.266828      0.454821E-02
   0.274213      0.447845E-02
   0.281619      0.442198E-02
   0.289047      0.436626E-02
   0.296494      0.430675E-02
   0.303959      0.426093E-02
   0.311443      0.420779E-02
   0.318943      0.415393E-02
   0.326460      0.411180E-02
   0.333992      0.406201E-02
   0.341538      0.401688E-02
   0.349099      0.397139E-02
   0.356674      0.392920E-02
   0.364261      0.388712E-02
   0.371861      0.384506E-02
   0.379473      0.380390E-02
   0.387097      0.376799E-02
   0.394731      0.372699E-02
   0.402376      0.369072E-02
   0.410032      0.365166E-02
   0.417697      0.361870E-02
   0.425371      0.358195E-02
   0.433054      0.354817E-02
   0.440746      0.351564E-02
   0.448447      0.348049E-02
   0.456155      0.344811E-02
   0.463871      0.341524E-02
   0.471595      0.338475E-02
   0.479326      0.335337E-02
   0.487063      0.332365E-02
   0.494807      0.329411E-02
   0.502558      0.326490E-02
   0.510314      0.323467E-02
   0.518076      0.320749E-02
   0.525844      0.317908E-02
   0.533617      0.314967E-02
   0.541395      0.312614E-02
   0.549178      0.309634E-02
   0.556966      0.307117E-02
   0.564757      0.304443E-02
   0.572553      0.301792E-02
   0.580353      0.299455E-02
   0.588157      0.296821E-02
   0.595965      0.294160E-02
   0.603775      0.291769E-02
   0.611589      0.289526E-02
   0.619406      0.286621E-02
   0.627225      0.284691E-02
   0.635047      0.282042E-02
   0.642872      0.279825E-02
   0.650699      0.277263E-02
   0.658527      0.274946E-02
   0.666358      0.272672E-02
   0.674190      0.270196E-02
   0.682024      0.268066E-02
   0.689859      0.265504E-02
   0.697696      0.263353E-02
   0.705533      0.261089E-02
   0.713371      0.258712E-02
   0.721210      0.256273E-02
   0.729050      0.253799E-02
   0.736889      0.251777E-02
   0.744729      0.249230E-02
   0.752569      0.246861E-02
   0.760408      0.244483E-02
   0.768247      0.242090E-02
   0.776086      0.239647E-02
   0.783924      0.237101E-02
   0.791761      0.234393E-02
   0.799596      0.232142E-02
   0.807431      0.229237E-02
   0.815263      0.226872E-02
   0.823094      0.223919E-02
   0.830921      0.221314E-02
   0.838746      0.218619E-02
   0.846567      0.215247E-02
   0.854383      0.212523E-02
   0.862193      0.209259E-02
   0.869995      0.205914E-02
   0.877787      0.202558E-02
   0.885564      0.199192E-02
   0.893322      0.195467E-02
   0.901053      0.191571E-02
   0.908749      0.187545E-02
   0.916396      0.183450E-02
   0.923976      0.178559E-02
   0.931465      0.174440E-02
   0.938833      0.168890E-02
   0.946040      0.163650E-02
   0.953041      0.158308E-02
   0.959787      0.152456E-02
   0.966225      0.146209E-02
   0.972311      0.140077E-02
   0.978008      0.133658E-02
   0.983296      0.127393E-02
   0.988171      0.120889E-02
   0.992643      0.114769E-02
   0.996736      0.108468E-02
    1.00000      0.105114E-02
    1.00010       0.00000    
    1.00340       0.00000    
    1.00699       0.00000    
    1.01090       0.00000    
    1.01516       0.00000    
    1.01980       0.00000    
    1.02485       0.00000    
    1.03036       0.00000    
    1.03635       0.00000    
    1.04289       0.00000    
    1.05000       0.00000    
    1.05775       0.00000    
    1.06620       0.00000    
    1.07540       0.00000    
    1.08541       0.00000    
    1.09633       0.00000    
    1.10821       0.00000    
    1.12116       0.00000    
    1.13527       0.00000    
    1.15063       0.00000    
    1.16736       0.00000    
    1.18559       0.00000    
    1.20545       0.00000    
    1.22708       0.00000    
    1.25064       0.00000    
    1.27630       0.00000    
    1.30425       0.00000    
    1.33470       0.00000    
    1.36787       0.00000    
    1.40399       0.00000    
    1.44334       0.00000    
    1.48621       0.00000    
    1.53290       0.00000    
    1.58375       0.00000    
    1.63915       0.00000    
    1.69949       0.00000    
    1.76522       0.00000    
    1.83681       0.00000    
    1.91479       0.00000    
    1.99974       0.00000    

   0.249943E-02  0.258316E-03
   0.293188E-02  0.468794E-03
   0.339980E-02  0.973476E-03
   0.390342E-02  0.844992E-03
   0.444297E-02  0.144390E-02
   0.501868E-02  0.137020E-02
   0.563103E-02  0.154356E-02
   0.628063E-02  0.189781E-02
   0.696806E-02  0.162628E-02
   0.769421E-02  0.207660E-02
   0.846010E-02  0.199827E-02
   0.926685E-02  0.210682E-02
   0.101159E-01  0.199951E-02
   0.110088E-01  0.220957E-02
   0.119474E-01  0.209366E-02
   0.129337E-01  0.214871E-02
   0.139702E-01  0.231714E-02
   0.150593E-01  0.200104E-02
   0.162041E-01  0.224838E-02
   0.174077E-01  0.216732E-02
   0.186740E-01  0.207294E-02
   0.200068E-01  0.210177E-02
   0.214107E-01  0.211513E-02
   0.228909E-01  0.198437E-02
   0.244527E-01  0.201688E-02
   0.261022E-01  0.201445E-02
   0.278463E-01  0.190904E-02
   0.296924E-01  0.189762E-02
   0.316485E-01  0.184575E-02
   0.337237E-01  0.180506E-02
   0.359274E-01  0.178706E-02
   0.382703E-01  0.169892E-02
   0.407631E-01  0.170702E-02
   0.434177E-01  0.166408E-02
   0.462462E-01  0.157543E-02
   0.492607E-01  0.155027E-02
   0.524733E-01  0.147984E-02
   0.558955E-01  0.149491E-02
   0.595378E-01  0.138742E-02
   0.634086E-01  0.139611E-02
   0.675142E-01  0.132991E-02
   0.718581E-01  0.128180E-02
   0.764402E-01  0.124522E-02
   0.812574E-01  0.118695E-02
   0.863022E-01  0.118662E-02
   0.915653E-01  0.112648E-02
   0.970339E-01  0.108729E-02
   0.102694      0.104685E-02
   0.108530      0.102052E-02
   0.114526      0.992230E-03
   0.120668      0.949564E-03
   0.126940      0.930815E-03
   0.133330      0.892988E-03
   0.139824      0.872513E-03
   0.146413      0.834107E-03
   0.153086      0.823869E-03
   0.159835      0.795750E-03
   0.166653      0.771982E-03
   0.173533      0.748036E-03
   0.180470      0.727911E-03
   0.187459      0.707199E-03
   0.194495      0.690763E-03
   0.201575      0.674252E-03
   0.208695      0.648891E-03
   0.215854      0.635250E-03
   0.223047      0.620437E-03
   0.230273      0.605529E-03
   0.237529      0.584962E-03
   0.244815      0.573329E-03
   0.252127      0.559724E-03
   0.259465      0.543577E-03
   0.266827      0.532006E-03
   0.274212      0.516299E-03
   0.281619      0.510822E-03
   0.289046      0.491414E-03
   0.296493      0.485086E-03
   0.303959      0.468910E-03
   0.311442      0.460515E-03
   0.318942      0.448058E-03
   0.326459      0.441680E-03
   0.333991      0.422923E-03
   0.341538      0.421617E-03
   0.349098      0.411955E-03
   0.356673      0.395929E-03
   0.364261      0.393540E-03
   0.371860      0.382538E-03
   0.379473      0.374178E-03
   0.387096      0.366155E-03
   0.394730      0.356100E-03
   0.402376      0.349308E-03
   0.410031      0.341067E-03
   0.417696      0.333737E-03
   0.425370      0.326914E-03
   0.433053      0.318773E-03
   0.440746      0.313079E-03
   0.448446      0.307227E-03
   0.456155      0.299206E-03
   0.463871      0.291846E-03
   0.471594      0.285526E-03
   0.479325      0.281192E-03
   0.487063      0.274554E-03
   0.494807      0.268238E-03
   0.502557      0.263870E-03
   0.510314      0.258008E-03
   0.518076      0.253311E-03
   0.525843      0.246604E-03
   0.533616      0.244796E-03
   0.541395      0.239375E-03
   0.549177      0.233762E-03
   0.556965      0.234548E-03
   0.564757      0.231756E-03
   0.572553      0.238233E-03
   0.580353      0.254365E-03
   0.588157      0.801437E-03
   0.595964      0.181044E-02
   0.603775      0.275197E-02
   0.611588      0.330851E-02
   0.619405      0.354342E-02
   0.627225      0.361654E-02
   0.635047      0.361582E-02
   0.642872      0.357224E-02
   0.650698      0.351516E-02
   0.658527      0.345640E-02
   0.666358      0.339792E-02
   0.674190      0.334609E-02
   0.682024      0.328961E-02
   0.689859      0.324971E-02
   0.697696      0.319423E-02
   0.705533      0.316360E-02
   0.713371      0.311689E-02
   0.721210      0.308678E-02
   0.729049      0.305097E-02
   0.736889      0.302254E-02
   0.744728      0.298317E-02
   0.752568      0.295750E-02
   0.760407      0.293278E-02
   0.768247      0.289868E-02
   0.776085      0.287481E-02
   0.783923      0.284713E-02
   0.791760      0.282234E-02
   0.799596      0.279148E-02
   0.807430      0.277093E-02
   0.815262      0.274313E-02
   0.823093      0.271585E-02
   0.830921      0.269099E-02
   0.838746      0.266720E-02
   0.846567      0.263839E-02
   0.854383      0.261076E-02
   0.862193      0.258052E-02
   0.869995      0.255539E-02
   0.877786      0.252724E-02
   0.885563      0.249519E-02
   0.893321      0.246809E-02
   0.901053      0.243576E-02
   0.908749      0.239596E-02
   0.916396      0.236529E-02
   0.923976      0.232844E-02
   0.931465      0.228410E-02
   0.938833      0.224607E-02
   0.946040      0.219851E-02
   0.953041      0.215004E-02
   0.959787      0.210373E-02
   0.966226      0.204520E-02
   0.972311      0.198597E-02
   0.978008      0.191689E-02
   0.983296      0.185471E-02
   0.988171      0.178082E-02
   0.992644      0.170013E-02
   0.996736      0.160947E-02
    1.00000      0.159149E-02
    1.00010       0.00000    
    1.00340       0.00000    
    1.00699       0.00000    
    1.01090       0.00000    
    1.01516       0.00000    
    1.01980       0.00000    
    1.02485       0.00000    
    1.03036       0.00000    
    1.03635       0.00000    
    1.04289       0.00000    
    1.05000       0.00000    
    1.05775       0.00000    
    1.06620       0.00000    
    1.07540       0.00000    
    1.08541       0.00000    
    1.09633       0.00000    
    1.10821       0.00000    
    1.12116       0.00000    
    1.13527       0.00000    
    1.15063       0.00000    
    1.16736       0.00000    
    1.18559       0.00000    
    1.20545       0.00000    
    1.22708       0.00000    
    1.25064       0.00000    
    1.27630       0.00000    
    1.30425       0.00000    
    1.33470       0.00000    
    1.36787       0.00000    
    1.40399       0.00000    
    1.44334       0.00000    
    1.48621       0.00000    
    1.53290       0.00000    
    1.58375       0.00000    
    1.63915       0.00000    
    1.69949       0.00000    
    1.76522       0.00000    
    1.83681       0.00000    
    1.91479       0.00000    
    1.99974       0.00000    

