#  NACA 0012                                       
#  alpha =   6.0000
#  Mach  =   0.0000
#  Reyn  =100000000
#  Ncrit =   9.0000
#
#    x           cf
   0.846010E-02  0.599110E-04
   0.769421E-02  0.131822E-03
   0.696806E-02  0.233128E-03
   0.628063E-02  0.270762E-03
   0.563103E-02  0.457967E-03
   0.501868E-02  0.541459E-03
   0.444297E-02  0.557510E-03
   0.390342E-02  0.871235E-03
   0.339980E-02  0.873645E-03
   0.293188E-02  0.109803E-02
   0.249943E-02  0.122332E-02
   0.210243E-02  0.146360E-02
   0.174067E-02  0.149216E-02
   0.141413E-02  0.184296E-02
   0.112267E-02  0.186370E-02
   0.866032E-03  0.217181E-02
   0.643962E-03  0.220511E-02
   0.456005E-03  0.256647E-02
   0.301674E-03  0.256647E-02
   0.180160E-03  0.263289E-02
   0.906754E-04  0.298984E-02
   0.322114E-04  0.270959E-02
   0.354899E-05  0.343152E-02
   0.354646E-05  0.285561E-02
   0.322038E-04  0.336282E-02
   0.906627E-04  0.323574E-02
   0.180142E-03  0.323062E-02
   0.301651E-03  0.331362E-02
   0.456005E-03  0.340065E-02
   0.643928E-03  0.314935E-02
   0.866032E-03  0.314540E-02
   0.112263E-02  0.308386E-02
   0.141408E-02  0.280594E-02
   0.174067E-02  0.302645E-02
   0.210237E-02  0.252221E-02
   0.249943E-02  0.274351E-02
   0.293181E-02  0.238287E-02
   0.339974E-02  0.232771E-02
   0.390342E-02  0.208580E-02
   0.444290E-02  0.201009E-02
   0.501860E-02  0.188769E-02
   0.563103E-02  0.176150E-02
   0.628063E-02  0.147997E-02
   0.696806E-02  0.155004E-02
   0.769421E-02  0.143921E-02
   0.846001E-02  0.112032E-02
   0.926678E-02  0.120483E-02
   0.101159E-01  0.105676E-02
   0.110088E-01  0.926580E-03
   0.119473E-01  0.903682E-03
   0.129337E-01  0.768989E-03
   0.139701E-01  0.790186E-03
   0.150593E-01  0.616481E-03
   0.162040E-01  0.633850E-03
   0.174077E-01  0.629196E-03
   0.186740E-01  0.547505E-02
   0.200068E-01  0.985069E-02
   0.214108E-01  0.106960E-01
   0.228909E-01  0.100700E-01
   0.244527E-01  0.953647E-02
   0.261023E-01  0.906596E-02
   0.278464E-01  0.870927E-02
   0.296925E-01  0.839632E-02
   0.316487E-01  0.812428E-02
   0.337238E-01  0.786408E-02
   0.359276E-01  0.768717E-02
   0.382704E-01  0.740412E-02
   0.407632E-01  0.722554E-02
   0.434178E-01  0.699907E-02
   0.462462E-01  0.681282E-02
   0.492607E-01  0.662740E-02
   0.524734E-01  0.643844E-02
   0.558956E-01  0.627943E-02
   0.595379E-01  0.610868E-02
   0.634087E-01  0.593740E-02
   0.675143E-01  0.580058E-02
   0.718581E-01  0.565839E-02
   0.764403E-01  0.550199E-02
   0.812572E-01  0.536895E-02
   0.863022E-01  0.524527E-02
   0.915653E-01  0.511385E-02
   0.970339E-01  0.500202E-02
   0.102694      0.488713E-02
   0.108530      0.478590E-02
   0.114526      0.467748E-02
   0.120668      0.458883E-02
   0.126940      0.449291E-02
   0.133330      0.439999E-02
   0.139824      0.432744E-02
   0.146413      0.424372E-02
   0.153086      0.416508E-02
   0.159835      0.409360E-02
   0.166653      0.402609E-02
   0.173533      0.396212E-02
   0.180470      0.389495E-02
   0.187459      0.383643E-02
   0.194495      0.377956E-02
   0.201575      0.371930E-02
   0.208695      0.366530E-02
   0.215854      0.361181E-02
   0.223047      0.356668E-02
   0.230273      0.351073E-02
   0.237529      0.346813E-02
   0.244815      0.341742E-02
   0.252127      0.337820E-02
   0.259465      0.333245E-02
   0.266828      0.329171E-02
   0.274213      0.324914E-02
   0.281619      0.320999E-02
   0.289047      0.317176E-02
   0.296494      0.313337E-02
   0.303959      0.309617E-02
   0.311443      0.305991E-02
   0.318943      0.302672E-02
   0.326460      0.299069E-02
   0.333992      0.295749E-02
   0.341538      0.292491E-02
   0.349099      0.289430E-02
   0.356674      0.286180E-02
   0.364261      0.282982E-02
   0.371861      0.280164E-02
   0.379473      0.277074E-02
   0.387097      0.274371E-02
   0.394731      0.271443E-02
   0.402376      0.268743E-02
   0.410032      0.265915E-02
   0.417697      0.263220E-02
   0.425371      0.260710E-02
   0.433054      0.258084E-02
   0.440746      0.255590E-02
   0.448447      0.253009E-02
   0.456155      0.250643E-02
   0.463871      0.248124E-02
   0.471595      0.245839E-02
   0.479326      0.243507E-02
   0.487063      0.241175E-02
   0.494807      0.238958E-02
   0.502558      0.236609E-02
   0.510314      0.234473E-02
   0.518076      0.232328E-02
   0.525844      0.230181E-02
   0.533617      0.228049E-02
   0.541395      0.226054E-02
   0.549178      0.223811E-02
   0.556966      0.221911E-02
   0.564757      0.219845E-02
   0.572553      0.217782E-02
   0.580353      0.215932E-02
   0.588157      0.214017E-02
   0.595965      0.211947E-02
   0.603775      0.210017E-02
   0.611589      0.208321E-02
   0.619406      0.206138E-02
   0.627225      0.204457E-02
   0.635047      0.202598E-02
   0.642872      0.200746E-02
   0.650699      0.198814E-02
   0.658527      0.197026E-02
   0.666358      0.195193E-02
   0.674190      0.193335E-02
   0.682024      0.191609E-02
   0.689859      0.189635E-02
   0.697696      0.187975E-02
   0.705533      0.186189E-02
   0.713371      0.184367E-02
   0.721210      0.182378E-02
   0.729050      0.180541E-02
   0.736889      0.178923E-02
   0.744729      0.176938E-02
   0.752569      0.175055E-02
   0.760408      0.173173E-02
   0.768247      0.171374E-02
   0.776086      0.169512E-02
   0.783924      0.167494E-02
   0.791761      0.165357E-02
   0.799596      0.163609E-02
   0.807431      0.161342E-02
   0.815263      0.159567E-02
   0.823094      0.157241E-02
   0.830921      0.155217E-02
   0.838746      0.153141E-02
   0.846567      0.150569E-02
   0.854383      0.148507E-02
   0.862193      0.145942E-02
   0.869995      0.143380E-02
   0.877787      0.140808E-02
   0.885564      0.138291E-02
   0.893322      0.135512E-02
   0.901053      0.132475E-02
   0.908749      0.129499E-02
   0.916396      0.126366E-02
   0.923976      0.122722E-02
   0.931465      0.119729E-02
   0.938833      0.115509E-02
   0.946040      0.111745E-02
   0.953041      0.107776E-02
   0.959787      0.103530E-02
   0.966225      0.989547E-03
   0.972311      0.945681E-03
   0.978008      0.899477E-03
   0.983296      0.855231E-03
   0.988171      0.809180E-03
   0.992643      0.765230E-03
   0.996736      0.721533E-03
    1.00000      0.696147E-03
    1.00010       0.00000    
    1.00340       0.00000    
    1.00699       0.00000    
    1.01090       0.00000    
    1.01516       0.00000    
    1.01980       0.00000    
    1.02485       0.00000    
    1.03036       0.00000    
    1.03635       0.00000    
    1.04288       0.00000    
    1.05000       0.00000    
    1.05775       0.00000    
    1.06619       0.00000    
    1.07539       0.00000    
    1.08540       0.00000    
    1.09631       0.00000    
    1.10820       0.00000    
    1.12114       0.00000    
    1.13524       0.00000    
    1.15060       0.00000    
    1.16732       0.00000    
    1.18554       0.00000    
    1.20539       0.00000    
    1.22701       0.00000    
    1.25055       0.00000    
    1.27619       0.00000    
    1.30413       0.00000    
    1.33455       0.00000    
    1.36768       0.00000    
    1.40378       0.00000    
    1.44309       0.00000    
    1.48590       0.00000    
    1.53254       0.00000    
    1.58333       0.00000    
    1.63865       0.00000    
    1.69890       0.00000    
    1.76453       0.00000    
    1.83600       0.00000    
    1.91385       0.00000    
    1.99864       0.00000    

   0.926685E-02  0.157515E-04
   0.101159E-01  0.649573E-04
   0.110088E-01  0.120022E-03
   0.119474E-01  0.182412E-03
   0.129337E-01  0.210525E-03
   0.139702E-01  0.264840E-03
   0.150593E-01  0.262144E-03
   0.162041E-01  0.328110E-03
   0.174077E-01  0.325591E-03
   0.186740E-01  0.377603E-03
   0.200068E-01  0.340748E-03
   0.214107E-01  0.434356E-03
   0.228909E-01  0.380440E-03
   0.244527E-01  0.410437E-03
   0.261022E-01  0.426000E-03
   0.278463E-01  0.442813E-03
   0.296924E-01  0.409863E-03
   0.316485E-01  0.461223E-03
   0.337237E-01  0.404711E-03
   0.359274E-01  0.459756E-03
   0.382703E-01  0.427636E-03
   0.407631E-01  0.425130E-03
   0.434177E-01  0.449554E-03
   0.462462E-01  0.404011E-03
   0.492607E-01  0.438397E-03
   0.524733E-01  0.411537E-03
   0.558955E-01  0.403507E-03
   0.595378E-01  0.404113E-03
   0.634086E-01  0.403201E-03
   0.675142E-01  0.380765E-03
   0.718581E-01  0.382347E-03
   0.764402E-01  0.369050E-03
   0.812574E-01  0.364380E-03
   0.863022E-01  0.355362E-03
   0.915653E-01  0.346523E-03
   0.970339E-01  0.333987E-03
   0.102694      0.334585E-03
   0.108530      0.318545E-03
   0.114526      0.313271E-03
   0.120668      0.304514E-03
   0.126940      0.297670E-03
   0.133330      0.292796E-03
   0.139824      0.280013E-03
   0.146413      0.280095E-03
   0.153086      0.267530E-03
   0.159835      0.264565E-03
   0.166653      0.255029E-03
   0.173533      0.252148E-03
   0.180470      0.244290E-03
   0.187459      0.240606E-03
   0.194495      0.233519E-03
   0.201575      0.226270E-03
   0.208695      0.226371E-03
   0.215854      0.218602E-03
   0.223047      0.212816E-03
   0.230273      0.210893E-03
   0.237529      0.204835E-03
   0.244815      0.198443E-03
   0.252127      0.199034E-03
   0.259465      0.190599E-03
   0.266827      0.190387E-03
   0.274212      0.180922E-03
   0.281619      0.181943E-03
   0.289046      0.177573E-03
   0.296493      0.174359E-03
   0.303959      0.169943E-03
   0.311442      0.166525E-03
   0.318942      0.163342E-03
   0.326459      0.162385E-03
   0.333991      0.155301E-03
   0.341538      0.155335E-03
   0.349098      0.153904E-03
   0.356673      0.150566E-03
   0.364261      0.778585E-03
   0.371860      0.234436E-02
   0.379473      0.286994E-02
   0.387096      0.280007E-02
   0.394730      0.267929E-02
   0.402376      0.259516E-02
   0.410031      0.253401E-02
   0.417696      0.249055E-02
   0.425370      0.245313E-02
   0.433053      0.242325E-02
   0.440746      0.239647E-02
   0.448446      0.236655E-02
   0.456155      0.234459E-02
   0.463871      0.231747E-02
   0.471594      0.230090E-02
   0.479325      0.227848E-02
   0.487063      0.226283E-02
   0.494807      0.224177E-02
   0.502557      0.222674E-02
   0.510314      0.221184E-02
   0.518076      0.219557E-02
   0.525843      0.217841E-02
   0.533616      0.216753E-02
   0.541395      0.215331E-02
   0.549177      0.213741E-02
   0.556965      0.212782E-02
   0.564757      0.211179E-02
   0.572553      0.210127E-02
   0.580353      0.209074E-02
   0.588157      0.207910E-02
   0.595964      0.207094E-02
   0.603775      0.205264E-02
   0.611588      0.204775E-02
   0.619405      0.203391E-02
   0.627225      0.202508E-02
   0.635047      0.201702E-02
   0.642872      0.200597E-02
   0.650698      0.199486E-02
   0.658527      0.198591E-02
   0.666358      0.197432E-02
   0.674190      0.196827E-02
   0.682024      0.195541E-02
   0.689859      0.195170E-02
   0.697696      0.193417E-02
   0.705533      0.193197E-02
   0.713371      0.191830E-02
   0.721210      0.191227E-02
   0.729049      0.190196E-02
   0.736889      0.189524E-02
   0.744728      0.187988E-02
   0.752568      0.187517E-02
   0.760407      0.186707E-02
   0.768247      0.185390E-02
   0.776085      0.184652E-02
   0.783923      0.183609E-02
   0.791760      0.182791E-02
   0.799596      0.181502E-02
   0.807430      0.180851E-02
   0.815262      0.179627E-02
   0.823093      0.178500E-02
   0.830921      0.177598E-02
   0.838746      0.176553E-02
   0.846567      0.175312E-02
   0.854383      0.174026E-02
   0.862193      0.172696E-02
   0.869995      0.171577E-02
   0.877786      0.170259E-02
   0.885563      0.168791E-02
   0.893321      0.167536E-02
   0.901053      0.165914E-02
   0.908749      0.163897E-02
   0.916396      0.162302E-02
   0.923976      0.160692E-02
   0.931465      0.158010E-02
   0.938833      0.156392E-02
   0.946040      0.153751E-02
   0.953041      0.151029E-02
   0.959787      0.148790E-02
   0.966226      0.145546E-02
   0.972311      0.142061E-02
   0.978008      0.138265E-02
   0.983296      0.134708E-02
   0.988171      0.130529E-02
   0.992644      0.125622E-02
   0.996736      0.119807E-02
    1.00000      0.119914E-02
    1.00010       0.00000    
    1.00340       0.00000    
    1.00699       0.00000    
    1.01090       0.00000    
    1.01516       0.00000    
    1.01980       0.00000    
    1.02485       0.00000    
    1.03036       0.00000    
    1.03635       0.00000    
    1.04288       0.00000    
    1.05000       0.00000    
    1.05775       0.00000    
    1.06619       0.00000    
    1.07539       0.00000    
    1.08540       0.00000    
    1.09631       0.00000    
    1.10820       0.00000    
    1.12114       0.00000    
    1.13524       0.00000    
    1.15060       0.00000    
    1.16732       0.00000    
    1.18554       0.00000    
    1.20539       0.00000    
    1.22701       0.00000    
    1.25055       0.00000    
    1.27619       0.00000    
    1.30413       0.00000    
    1.33455       0.00000    
    1.36768       0.00000    
    1.40378       0.00000    
    1.44309       0.00000    
    1.48590       0.00000    
    1.53254       0.00000    
    1.58333       0.00000    
    1.63865       0.00000    
    1.69890       0.00000    
    1.76453       0.00000    
    1.83600       0.00000    
    1.91385       0.00000    
    1.99864       0.00000    

