#  NACA 0012                                       
#  alpha =  -4.0000
#  Mach  =   0.0000
#  Reyn  = 10000000
#  Ncrit =   9.0000
#
#    x           cf
   0.444290E-02  0.251435E-03
   0.501860E-02  0.532226E-03
   0.563103E-02  0.674179E-03
   0.628063E-02  0.104796E-02
   0.696806E-02  0.945802E-03
   0.769421E-02  0.139590E-02
   0.846001E-02  0.122489E-02
   0.926678E-02  0.151753E-02
   0.101159E-01  0.160094E-02
   0.110088E-01  0.161415E-02
   0.119473E-01  0.168911E-02
   0.129337E-01  0.168339E-02
   0.139701E-01  0.192145E-02
   0.150593E-01  0.165703E-02
   0.162040E-01  0.194046E-02
   0.174077E-01  0.184079E-02
   0.186740E-01  0.178145E-02
   0.200068E-01  0.187378E-02
   0.214108E-01  0.185788E-02
   0.228909E-01  0.185018E-02
   0.244527E-01  0.179031E-02
   0.261023E-01  0.179933E-02
   0.278464E-01  0.177044E-02
   0.296925E-01  0.176198E-02
   0.316487E-01  0.177075E-02
   0.337238E-01  0.166454E-02
   0.359276E-01  0.171960E-02
   0.382704E-01  0.160221E-02
   0.407632E-01  0.159347E-02
   0.434178E-01  0.162116E-02
   0.462462E-01  0.150558E-02
   0.492607E-01  0.151191E-02
   0.524734E-01  0.148987E-02
   0.558956E-01  0.138879E-02
   0.595379E-01  0.140788E-02
   0.634087E-01  0.135320E-02
   0.675143E-01  0.131262E-02
   0.718581E-01  0.127742E-02
   0.764403E-01  0.124334E-02
   0.812572E-01  0.118169E-02
   0.863022E-01  0.118234E-02
   0.915653E-01  0.113267E-02
   0.970339E-01  0.108731E-02
   0.102694      0.105601E-02
   0.108530      0.103742E-02
   0.114526      0.998498E-03
   0.120668      0.970632E-03
   0.126940      0.940553E-03
   0.133330      0.909491E-03
   0.139824      0.895706E-03
   0.146413      0.859369E-03
   0.153086      0.835424E-03
   0.159835      0.823513E-03
   0.166653      0.789030E-03
   0.173533      0.772076E-03
   0.180470      0.748567E-03
   0.187459      0.728480E-03
   0.194495      0.718165E-03
   0.201575      0.694692E-03
   0.208695      0.676969E-03
   0.215854      0.663032E-03
   0.223047      0.645841E-03
   0.230273      0.628226E-03
   0.237529      0.614372E-03
   0.244815      0.594569E-03
   0.252127      0.589198E-03
   0.259465      0.572426E-03
   0.266828      0.561881E-03
   0.274213      0.540393E-03
   0.281619      0.534844E-03
   0.289047      0.520972E-03
   0.296494      0.509150E-03
   0.303959      0.498800E-03
   0.311443      0.487844E-03
   0.318943      0.478497E-03
   0.326460      0.467858E-03
   0.333992      0.456902E-03
   0.341538      0.448477E-03
   0.349099      0.437194E-03
   0.356674      0.426577E-03
   0.364261      0.423505E-03
   0.371861      0.410004E-03
   0.379473      0.400923E-03
   0.387097      0.395284E-03
   0.394731      0.385592E-03
   0.402376      0.381080E-03
   0.410032      0.369253E-03
   0.417697      0.362692E-03
   0.425371      0.356891E-03
   0.433054      0.348806E-03
   0.440746      0.343227E-03
   0.448447      0.335507E-03
   0.456155      0.328519E-03
   0.463871      0.321891E-03
   0.471595      0.316945E-03
   0.479326      0.307795E-03
   0.487063      0.305027E-03
   0.494807      0.298753E-03
   0.502558      0.291100E-03
   0.510314      0.286553E-03
   0.518076      0.282618E-03
   0.525844      0.275445E-03
   0.533617      0.268337E-03
   0.541395      0.267034E-03
   0.549178      0.260972E-03
   0.556966      0.255076E-03
   0.564757      0.251139E-03
   0.572553      0.244250E-03
   0.580353      0.242521E-03
   0.588157      0.237059E-03
   0.595965      0.230737E-03
   0.603775      0.229842E-03
   0.611589      0.224239E-03
   0.619406      0.217700E-03
   0.627225      0.220386E-03
   0.635047      0.215145E-03
   0.642872      0.216202E-03
   0.650699      0.216881E-03
   0.658527      0.221358E-03
   0.666358      0.474266E-03
   0.674190      0.109809E-02
   0.682024      0.206272E-02
   0.689859      0.280122E-02
   0.697696      0.319776E-02
   0.705533      0.337248E-02
   0.713371      0.341694E-02
   0.721210      0.341812E-02
   0.729050      0.336803E-02
   0.736889      0.333010E-02
   0.744729      0.326793E-02
   0.752569      0.321909E-02
   0.760408      0.317014E-02
   0.768247      0.312575E-02
   0.776086      0.307126E-02
   0.783924      0.303205E-02
   0.791761      0.299418E-02
   0.799596      0.295778E-02
   0.807431      0.292056E-02
   0.815263      0.288187E-02
   0.823094      0.285130E-02
   0.830921      0.282591E-02
   0.838746      0.278925E-02
   0.846567      0.275471E-02
   0.854383      0.272641E-02
   0.862193      0.270030E-02
   0.869995      0.266565E-02
   0.877787      0.263406E-02
   0.885564      0.260642E-02
   0.893322      0.256719E-02
   0.901053      0.253981E-02
   0.908749      0.250363E-02
   0.916396      0.247261E-02
   0.923976      0.242836E-02
   0.931465      0.239192E-02
   0.938833      0.235428E-02
   0.946040      0.230016E-02
   0.953041      0.226302E-02
   0.959787      0.220837E-02
   0.966225      0.215702E-02
   0.972311      0.209652E-02
   0.978008      0.203655E-02
   0.983296      0.196327E-02
   0.988171      0.188695E-02
   0.992643      0.181556E-02
   0.996736      0.171216E-02
    1.00000      0.170609E-02
    1.00010       0.00000    
    1.00340       0.00000    
    1.00699       0.00000    
    1.01090       0.00000    
    1.01516       0.00000    
    1.01980       0.00000    
    1.02485       0.00000    
    1.03036       0.00000    
    1.03635       0.00000    
    1.04289       0.00000    
    1.05000       0.00000    
    1.05775       0.00000    
    1.06620       0.00000    
    1.07539       0.00000    
    1.08541       0.00000    
    1.09632       0.00000    
    1.10821       0.00000    
    1.12116       0.00000    
    1.13526       0.00000    
    1.15062       0.00000    
    1.16735       0.00000    
    1.18558       0.00000    
    1.20543       0.00000    
    1.22706       0.00000    
    1.25061       0.00000    
    1.27627       0.00000    
    1.30422       0.00000    
    1.33466       0.00000    
    1.36782       0.00000    
    1.40394       0.00000    
    1.44328       0.00000    
    1.48613       0.00000    
    1.53280       0.00000    
    1.58364       0.00000    
    1.63902       0.00000    
    1.69934       0.00000    
    1.76504       0.00000    
    1.83660       0.00000    
    1.91455       0.00000    
    1.99945       0.00000    

   0.390342E-02  0.651377E-05
   0.339974E-02  0.349250E-03
   0.293181E-02  0.590263E-03
   0.249943E-02  0.108862E-02
   0.210237E-02  0.146572E-02
   0.174067E-02  0.160071E-02
   0.141408E-02  0.283058E-02
   0.112263E-02  0.228030E-02
   0.866032E-03  0.349311E-02
   0.643928E-03  0.347150E-02
   0.456005E-03  0.443171E-02
   0.301651E-03  0.443295E-02
   0.180142E-03  0.565639E-02
   0.906627E-04  0.467520E-02
   0.322038E-04  0.626202E-02
   0.354646E-05  0.667073E-02
   0.354899E-05  0.602054E-02
   0.322114E-04  0.729573E-02
   0.906754E-04  0.700249E-02
   0.180160E-03  0.724552E-02
   0.301674E-03  0.767258E-02
   0.456005E-03  0.763830E-02
   0.643962E-03  0.773724E-02
   0.866032E-03  0.753488E-02
   0.112267E-02  0.796671E-02
   0.141413E-02  0.705625E-02
   0.174067E-02  0.743610E-02
   0.210243E-02  0.742697E-02
   0.249943E-02  0.674268E-02
   0.293188E-02  0.654498E-02
   0.339980E-02  0.680553E-02
   0.390342E-02  0.556137E-02
   0.444297E-02  0.605476E-02
   0.501868E-02  0.558714E-02
   0.563103E-02  0.550644E-02
   0.628063E-02  0.486032E-02
   0.696806E-02  0.469256E-02
   0.769421E-02  0.464616E-02
   0.846010E-02  0.420457E-02
   0.926685E-02  0.420727E-02
   0.101159E-01  0.355211E-02
   0.110088E-01  0.359522E-02
   0.119474E-01  0.331747E-02
   0.129337E-01  0.315202E-02
   0.139702E-01  0.305015E-02
   0.150593E-01  0.281039E-02
   0.162041E-01  0.259838E-02
   0.174077E-01  0.249741E-02
   0.186740E-01  0.239604E-02
   0.200068E-01  0.214066E-02
   0.214107E-01  0.214746E-02
   0.228909E-01  0.192367E-02
   0.244527E-01  0.176665E-02
   0.261022E-01  0.178159E-02
   0.278463E-01  0.163720E-02
   0.296924E-01  0.150836E-02
   0.316485E-01  0.143670E-02
   0.337237E-01  0.134969E-02
   0.359274E-01  0.126391E-02
   0.382703E-01  0.119890E-02
   0.407631E-01  0.111328E-02
   0.434177E-01  0.107258E-02
   0.462462E-01  0.984199E-03
   0.492607E-01  0.948884E-03
   0.524733E-01  0.857000E-03
   0.558955E-01  0.834711E-03
   0.595378E-01  0.792734E-03
   0.634086E-01  0.731721E-03
   0.675142E-01  0.711394E-03
   0.718581E-01  0.669328E-03
   0.764402E-01  0.679130E-03
   0.812574E-01  0.721129E-03
   0.863022E-01  0.308986E-02
   0.915653E-01  0.615107E-02
   0.970339E-01  0.742632E-02
   0.102694      0.748746E-02
   0.108530      0.722593E-02
   0.114526      0.693132E-02
   0.120668      0.667665E-02
   0.126940      0.644389E-02
   0.133330      0.625804E-02
   0.139824      0.608505E-02
   0.146413      0.594273E-02
   0.153086      0.580269E-02
   0.159835      0.569197E-02
   0.166653      0.557871E-02
   0.173533      0.547011E-02
   0.180470      0.537206E-02
   0.187459      0.527852E-02
   0.194495      0.518427E-02
   0.201575      0.510763E-02
   0.208695      0.502453E-02
   0.215854      0.494856E-02
   0.223047      0.487038E-02
   0.230273      0.480716E-02
   0.237529      0.472709E-02
   0.244815      0.467151E-02
   0.252127      0.460362E-02
   0.259465      0.454242E-02
   0.266827      0.448361E-02
   0.274212      0.442339E-02
   0.281619      0.436663E-02
   0.289046      0.431658E-02
   0.296493      0.426372E-02
   0.303959      0.421376E-02
   0.311442      0.415972E-02
   0.318942      0.411068E-02
   0.326459      0.406486E-02
   0.333991      0.402081E-02
   0.341538      0.397378E-02
   0.349098      0.393543E-02
   0.356673      0.388532E-02
   0.364261      0.384639E-02
   0.371860      0.380431E-02
   0.379473      0.376726E-02
   0.387096      0.372606E-02
   0.394730      0.368688E-02
   0.402376      0.365167E-02
   0.410031      0.361212E-02
   0.417696      0.357749E-02
   0.425370      0.354038E-02
   0.433053      0.350844E-02
   0.440746      0.347248E-02
   0.448446      0.343954E-02
   0.456155      0.340821E-02
   0.463871      0.337398E-02
   0.471594      0.334146E-02
   0.479325      0.331138E-02
   0.487063      0.328002E-02
   0.494807      0.325126E-02
   0.502557      0.322045E-02
   0.510314      0.319208E-02
   0.518076      0.316156E-02
   0.525843      0.313486E-02
   0.533616      0.310594E-02
   0.541395      0.307840E-02
   0.549177      0.304905E-02
   0.556965      0.302427E-02
   0.564757      0.299457E-02
   0.572553      0.297146E-02
   0.580353      0.294285E-02
   0.588157      0.291898E-02
   0.595964      0.289258E-02
   0.603775      0.286657E-02
   0.611588      0.284076E-02
   0.619405      0.281769E-02
   0.627225      0.279193E-02
   0.635047      0.276814E-02
   0.642872      0.274472E-02
   0.650698      0.271713E-02
   0.658527      0.269476E-02
   0.666358      0.266935E-02
   0.674190      0.264646E-02
   0.682024      0.262154E-02
   0.689859      0.259880E-02
   0.697696      0.257315E-02
   0.705533      0.255068E-02
   0.713371      0.252491E-02
   0.721210      0.250229E-02
   0.729049      0.247592E-02
   0.736889      0.245521E-02
   0.744728      0.242834E-02
   0.752568      0.240405E-02
   0.760407      0.237897E-02
   0.768247      0.235363E-02
   0.776085      0.232827E-02
   0.783923      0.230366E-02
   0.791760      0.227637E-02
   0.799596      0.224904E-02
   0.807430      0.222297E-02
   0.815262      0.219490E-02
   0.823093      0.216642E-02
   0.830921      0.213745E-02
   0.838746      0.210921E-02
   0.846567      0.207644E-02
   0.854383      0.204676E-02
   0.862193      0.201271E-02
   0.869995      0.197889E-02
   0.877786      0.194584E-02
   0.885563      0.190728E-02
   0.893321      0.187133E-02
   0.901053      0.183156E-02
   0.908749      0.178785E-02
   0.916396      0.174650E-02
   0.923976      0.169796E-02
   0.931465      0.165095E-02
   0.938833      0.159912E-02
   0.946040      0.154385E-02
   0.953041      0.149039E-02
   0.959787      0.143054E-02
   0.966226      0.136985E-02
   0.972311      0.131025E-02
   0.978008      0.124523E-02
   0.983296      0.118569E-02
   0.988171      0.112413E-02
   0.992644      0.106497E-02
   0.996736      0.100808E-02
    1.00000      0.974366E-03
    1.00010       0.00000    
    1.00340       0.00000    
    1.00699       0.00000    
    1.01090       0.00000    
    1.01516       0.00000    
    1.01980       0.00000    
    1.02485       0.00000    
    1.03036       0.00000    
    1.03635       0.00000    
    1.04289       0.00000    
    1.05000       0.00000    
    1.05775       0.00000    
    1.06620       0.00000    
    1.07539       0.00000    
    1.08541       0.00000    
    1.09632       0.00000    
    1.10821       0.00000    
    1.12116       0.00000    
    1.13526       0.00000    
    1.15062       0.00000    
    1.16735       0.00000    
    1.18558       0.00000    
    1.20543       0.00000    
    1.22706       0.00000    
    1.25061       0.00000    
    1.27627       0.00000    
    1.30422       0.00000    
    1.33466       0.00000    
    1.36782       0.00000    
    1.40394       0.00000    
    1.44328       0.00000    
    1.48613       0.00000    
    1.53280       0.00000    
    1.58364       0.00000    
    1.63902       0.00000    
    1.69934       0.00000    
    1.76504       0.00000    
    1.83660       0.00000    
    1.91455       0.00000    
    1.99945       0.00000    

