#  NACA 0012                                       
#  alpha =   1.5000
#  Mach  =   0.0000
#  Reyn  =  1000000
#  Ncrit =  10.0000
#
#    x           cf
   0.407652E-03  0.698017E-03
   0.204500E-03  0.305372E-02
   0.722497E-04  0.405543E-02
   0.790220E-05  0.693050E-02
   0.789843E-05  0.795551E-02
   0.722383E-04  0.102378E-01
   0.204481E-03  0.115590E-01
   0.407626E-03  0.129447E-01
   0.683894E-03  0.139076E-01
   0.103465E-02  0.147178E-01
   0.146070E-02  0.156463E-01
   0.196214E-02  0.156037E-01
   0.253888E-02  0.154097E-01
   0.319047E-02  0.156465E-01
   0.391678E-02  0.152498E-01
   0.471748E-02  0.146738E-01
   0.559290E-02  0.140945E-01
   0.654359E-02  0.136614E-01
   0.757065E-02  0.130388E-01
   0.867563E-02  0.121794E-01
   0.986070E-02  0.116082E-01
   0.111286E-01  0.112192E-01
   0.124827E-01  0.106169E-01
   0.139271E-01  0.998267E-02
   0.154665E-01  0.942374E-02
   0.171063E-01  0.886555E-02
   0.188525E-01  0.839151E-02
   0.207121E-01  0.798291E-02
   0.226926E-01  0.755380E-02
   0.248022E-01  0.710118E-02
   0.270499E-01  0.672605E-02
   0.294451E-01  0.642046E-02
   0.319978E-01  0.599033E-02
   0.347181E-01  0.564978E-02
   0.376160E-01  0.545545E-02
   0.407013E-01  0.504250E-02
   0.439829E-01  0.486719E-02
   0.474683E-01  0.461299E-02
   0.511634E-01  0.434347E-02
   0.550716E-01  0.413676E-02
   0.591936E-01  0.392150E-02
   0.635270E-01  0.373054E-02
   0.680666E-01  0.357381E-02
   0.728042E-01  0.334470E-02
   0.777290E-01  0.322597E-02
   0.828284E-01  0.307769E-02
   0.880886E-01  0.293545E-02
   0.934950E-01  0.278693E-02
   0.990332E-01  0.269389E-02
   0.104689      0.255509E-02
   0.110450      0.245942E-02
   0.116303      0.235721E-02
   0.122239      0.227264E-02
   0.128247      0.217205E-02
   0.134318      0.209681E-02
   0.140447      0.201664E-02
   0.146625      0.193854E-02
   0.152849      0.186408E-02
   0.159113      0.180127E-02
   0.165412      0.173911E-02
   0.171745      0.167686E-02
   0.178107      0.161889E-02
   0.184496      0.155942E-02
   0.190909      0.150058E-02
   0.197346      0.146316E-02
   0.203803      0.139773E-02
   0.210279      0.135702E-02
   0.216774      0.130850E-02
   0.223285      0.126635E-02
   0.229812      0.122224E-02
   0.236353      0.117731E-02
   0.242908      0.114228E-02
   0.249477      0.110457E-02
   0.256057      0.106447E-02
   0.262648      0.102380E-02
   0.269251      0.991106E-03
   0.275863      0.957419E-03
   0.282486      0.922136E-03
   0.289117      0.890759E-03
   0.295757      0.855548E-03
   0.302406      0.830230E-03
   0.309063      0.792715E-03
   0.315727      0.770207E-03
   0.322398      0.738568E-03
   0.329076      0.711300E-03
   0.335761      0.685025E-03
   0.342452      0.655451E-03
   0.349149      0.631651E-03
   0.355852      0.603777E-03
   0.362560      0.579128E-03
   0.369273      0.554384E-03
   0.375992      0.531450E-03
   0.382715      0.509469E-03
   0.389443      0.487449E-03
   0.396176      0.465618E-03
   0.402913      0.444652E-03
   0.409653      0.423287E-03
   0.416398      0.404209E-03
   0.423147      0.386928E-03
   0.429899      0.366407E-03
   0.436655      0.350922E-03
   0.443414      0.333054E-03
   0.450176      0.318404E-03
   0.456941      0.304588E-03
   0.463710      0.289802E-03
   0.470481      0.278591E-03
   0.477255      0.266087E-03
   0.484032      0.257650E-03
   0.490811      0.248942E-03
   0.497592      0.243095E-03
   0.504376      0.237336E-03
   0.511162      0.236254E-03
   0.517950      0.238172E-03
   0.524741      0.242384E-03
   0.531533      0.251401E-03
   0.538327      0.266641E-03
   0.545122      0.291031E-03
   0.551920      0.329219E-03
   0.558719      0.407465E-03
   0.565519      0.603824E-03
   0.572321      0.917201E-03
   0.579125      0.137400E-02
   0.585929      0.190497E-02
   0.592735      0.244819E-02
   0.599542      0.295081E-02
   0.606350      0.338763E-02
   0.613159      0.373552E-02
   0.619969      0.401229E-02
   0.626780      0.422960E-02
   0.633591      0.438019E-02
   0.640404      0.449826E-02
   0.647217      0.457644E-02
   0.654030      0.462839E-02
   0.660845      0.465530E-02
   0.667659      0.466574E-02
   0.674474      0.467050E-02
   0.681289      0.465166E-02
   0.688105      0.463345E-02
   0.694921      0.460492E-02
   0.701737      0.457146E-02
   0.708553      0.453535E-02
   0.715369      0.449905E-02
   0.722185      0.445390E-02
   0.729001      0.441266E-02
   0.735816      0.436440E-02
   0.742632      0.432177E-02
   0.749447      0.427784E-02
   0.756262      0.422825E-02
   0.763076      0.418267E-02
   0.769890      0.413891E-02
   0.776704      0.408602E-02
   0.783517      0.403899E-02
   0.790329      0.399080E-02
   0.797140      0.394514E-02
   0.803951      0.389632E-02
   0.810760      0.385260E-02
   0.817569      0.379814E-02
   0.824376      0.375380E-02
   0.831182      0.370524E-02
   0.837986      0.365299E-02
   0.844789      0.360475E-02
   0.851589      0.355567E-02
   0.858386      0.350654E-02
   0.865181      0.345082E-02
   0.871971      0.340049E-02
   0.878756      0.334531E-02
   0.885535      0.329052E-02
   0.892305      0.323201E-02
   0.899065      0.317900E-02
   0.905810      0.311295E-02
   0.912537      0.304853E-02
   0.919240      0.298700E-02
   0.925909      0.291433E-02
   0.932536      0.284335E-02
   0.939107      0.276719E-02
   0.945603      0.268642E-02
   0.952006      0.260290E-02
   0.958287      0.251227E-02
   0.964418      0.242027E-02
   0.970366      0.231869E-02
   0.976097      0.221502E-02
   0.981577      0.210658E-02
   0.986778      0.199431E-02
   0.991681      0.188060E-02
   0.996272      0.176488E-02
    1.00000      0.170191E-02
    1.00010       0.00000    
    1.00386       0.00000    
    1.00795       0.00000    
    1.01237       0.00000    
    1.01717       0.00000    
    1.02237       0.00000    
    1.02801       0.00000    
    1.03412       0.00000    
    1.04075       0.00000    
    1.04793       0.00000    
    1.05572       0.00000    
    1.06416       0.00000    
    1.07332       0.00000    
    1.08324       0.00000    
    1.09400       0.00000    
    1.10567       0.00000    
    1.11831       0.00000    
    1.13202       0.00000    
    1.14689       0.00000    
    1.16300       0.00000    
    1.18047       0.00000    
    1.19941       0.00000    
    1.21995       0.00000    
    1.24221       0.00000    
    1.26634       0.00000    
    1.29251       0.00000    
    1.32087       0.00000    
    1.35162       0.00000    
    1.38496       0.00000    
    1.42111       0.00000    
    1.46029       0.00000    
    1.50277       0.00000    
    1.54883       0.00000    
    1.59876       0.00000    
    1.65289       0.00000    
    1.71157       0.00000    
    1.77519       0.00000    
    1.84417       0.00000    
    1.91894       0.00000    
    2.00001       0.00000    

   0.683929E-03  0.100402E-02
   0.103469E-02  0.272142E-02
   0.146075E-02  0.432930E-02
   0.196225E-02  0.516199E-02
   0.253894E-02  0.692673E-02
   0.319060E-02  0.717668E-02
   0.391685E-02  0.807458E-02
   0.471755E-02  0.827872E-02
   0.559298E-02  0.918343E-02
   0.654375E-02  0.869311E-02
   0.757082E-02  0.896340E-02
   0.867572E-02  0.927564E-02
   0.986079E-02  0.865767E-02
   0.111287E-01  0.900292E-02
   0.124828E-01  0.852105E-02
   0.139273E-01  0.845248E-02
   0.154667E-01  0.812582E-02
   0.171064E-01  0.801488E-02
   0.188526E-01  0.771363E-02
   0.207121E-01  0.747429E-02
   0.226926E-01  0.731852E-02
   0.248022E-01  0.682599E-02
   0.270499E-01  0.670349E-02
   0.294451E-01  0.644716E-02
   0.319978E-01  0.627998E-02
   0.347180E-01  0.593558E-02
   0.376159E-01  0.580960E-02
   0.407013E-01  0.544921E-02
   0.439829E-01  0.531920E-02
   0.474684E-01  0.510133E-02
   0.511635E-01  0.486762E-02
   0.550716E-01  0.469016E-02
   0.591935E-01  0.449430E-02
   0.635270E-01  0.431511E-02
   0.680666E-01  0.417808E-02
   0.728042E-01  0.396231E-02
   0.777291E-01  0.381656E-02
   0.828286E-01  0.369800E-02
   0.880886E-01  0.352456E-02
   0.934950E-01  0.344142E-02
   0.990332E-01  0.327681E-02
   0.104689      0.316845E-02
   0.110450      0.307709E-02
   0.116303      0.294526E-02
   0.122239      0.286552E-02
   0.128247      0.277007E-02
   0.134318      0.267968E-02
   0.140447      0.258298E-02
   0.146625      0.251909E-02
   0.152849      0.243053E-02
   0.159113      0.237849E-02
   0.165413      0.229233E-02
   0.171745      0.222334E-02
   0.178107      0.216725E-02
   0.184496      0.212022E-02
   0.190909      0.204848E-02
   0.197346      0.199812E-02
   0.203803      0.193603E-02
   0.210279      0.189373E-02
   0.216774      0.183943E-02
   0.223285      0.180057E-02
   0.229812      0.174580E-02
   0.236353      0.170876E-02
   0.242908      0.165857E-02
   0.249476      0.162208E-02
   0.256056      0.157853E-02
   0.262648      0.154488E-02
   0.269250      0.149904E-02
   0.275863      0.146977E-02
   0.282485      0.143060E-02
   0.289117      0.139940E-02
   0.295757      0.136266E-02
   0.302406      0.133942E-02
   0.309062      0.129996E-02
   0.315726      0.126880E-02
   0.322397      0.124032E-02
   0.329076      0.121017E-02
   0.335760      0.118270E-02
   0.342451      0.115957E-02
   0.349148      0.112788E-02
   0.355851      0.110203E-02
   0.362559      0.108091E-02
   0.369273      0.105389E-02
   0.375991      0.103066E-02
   0.382715      0.100279E-02
   0.389443      0.983416E-03
   0.396175      0.957840E-03
   0.402912      0.935967E-03
   0.409653      0.916283E-03
   0.416398      0.896153E-03
   0.423147      0.871753E-03
   0.429899      0.852008E-03
   0.436654      0.832004E-03
   0.443414      0.814570E-03
   0.450176      0.796253E-03
   0.456941      0.776008E-03
   0.463710      0.756549E-03
   0.470481      0.735733E-03
   0.477255      0.722571E-03
   0.484031      0.704815E-03
   0.490811      0.686257E-03
   0.497592      0.668498E-03
   0.504376      0.653840E-03
   0.511162      0.637360E-03
   0.517950      0.620457E-03
   0.524740      0.603567E-03
   0.531532      0.588678E-03
   0.538326      0.575050E-03
   0.545122      0.556770E-03
   0.551920      0.543474E-03
   0.558719      0.529317E-03
   0.565519      0.513897E-03
   0.572321      0.498898E-03
   0.579125      0.483387E-03
   0.585929      0.470135E-03
   0.592735      0.454440E-03
   0.599542      0.441771E-03
   0.606350      0.426998E-03
   0.613159      0.414482E-03
   0.619969      0.399989E-03
   0.626780      0.386084E-03
   0.633591      0.372363E-03
   0.640404      0.358536E-03
   0.647217      0.345772E-03
   0.654030      0.331654E-03
   0.660844      0.317726E-03
   0.667659      0.304209E-03
   0.674474      0.290277E-03
   0.681289      0.277496E-03
   0.688105      0.264293E-03
   0.694920      0.252005E-03
   0.701736      0.238204E-03
   0.708552      0.225531E-03
   0.715368      0.212906E-03
   0.722184      0.199158E-03
   0.729000      0.188154E-03
   0.735816      0.174969E-03
   0.742632      0.164805E-03
   0.749447      0.152439E-03
   0.756262      0.143058E-03
   0.763076      0.132034E-03
   0.769890      0.121032E-03
   0.776704      0.113308E-03
   0.783516      0.105432E-03
   0.790329      0.984700E-04
   0.797140      0.923556E-04
   0.803950      0.875867E-04
   0.810760      0.862834E-04
   0.817568      0.842755E-04
   0.824376      0.875498E-04
   0.831182      0.920154E-04
   0.837986      0.102598E-03
   0.844788      0.119234E-03
   0.851588      0.149971E-03
   0.858386      0.247827E-03
   0.865180      0.421107E-03
   0.871971      0.677182E-03
   0.878756      0.992570E-03
   0.885535      0.133883E-02
   0.892305      0.168223E-02
   0.899065      0.200431E-02
   0.905810      0.228519E-02
   0.912537      0.251330E-02
   0.919239      0.270176E-02
   0.925909      0.284375E-02
   0.932536      0.295048E-02
   0.939107      0.301745E-02
   0.945603      0.305701E-02
   0.952006      0.307430E-02
   0.958287      0.306309E-02
   0.964418      0.303359E-02
   0.970366      0.298261E-02
   0.976097      0.291875E-02
   0.981577      0.282529E-02
   0.986778      0.273406E-02
   0.991681      0.261003E-02
   0.996272      0.247461E-02
    1.00000      0.243503E-02
    1.00010       0.00000    
    1.00386       0.00000    
    1.00795       0.00000    
    1.01237       0.00000    
    1.01717       0.00000    
    1.02237       0.00000    
    1.02801       0.00000    
    1.03412       0.00000    
    1.04075       0.00000    
    1.04793       0.00000    
    1.05572       0.00000    
    1.06416       0.00000    
    1.07332       0.00000    
    1.08324       0.00000    
    1.09400       0.00000    
    1.10567       0.00000    
    1.11831       0.00000    
    1.13202       0.00000    
    1.14689       0.00000    
    1.16300       0.00000    
    1.18047       0.00000    
    1.19941       0.00000    
    1.21995       0.00000    
    1.24221       0.00000    
    1.26634       0.00000    
    1.29251       0.00000    
    1.32087       0.00000    
    1.35162       0.00000    
    1.38496       0.00000    
    1.42111       0.00000    
    1.46029       0.00000    
    1.50277       0.00000    
    1.54883       0.00000    
    1.59876       0.00000    
    1.65289       0.00000    
    1.71157       0.00000    
    1.77519       0.00000    
    1.84417       0.00000    
    1.91894       0.00000    
    2.00001       0.00000    

