#  NACA 0012                                       
#  alpha =  -7.5000
#  Mach  =   0.0000
#  Reyn  =100000000
#  Ncrit =  10.0000
#
#    x           cf
   0.154665E-01  0.566502E-04
   0.171063E-01  0.107429E-03
   0.188525E-01  0.166809E-03
   0.207121E-01  0.205864E-03
   0.226926E-01  0.240163E-03
   0.248022E-01  0.264627E-03
   0.270499E-01  0.313233E-03
   0.294451E-01  0.305353E-03
   0.319978E-01  0.331970E-03
   0.347181E-01  0.338494E-03
   0.376160E-01  0.362474E-03
   0.407013E-01  0.348640E-03
   0.439829E-01  0.371174E-03
   0.474683E-01  0.358425E-03
   0.511634E-01  0.373966E-03
   0.550716E-01  0.356305E-03
   0.591936E-01  0.367073E-03
   0.635270E-01  0.356231E-03
   0.680666E-01  0.351585E-03
   0.728042E-01  0.357402E-03
   0.777290E-01  0.340576E-03
   0.828284E-01  0.337071E-03
   0.880886E-01  0.337794E-03
   0.934950E-01  0.323070E-03
   0.990332E-01  0.324665E-03
   0.104689      0.305958E-03
   0.110450      0.313016E-03
   0.116303      0.303985E-03
   0.122239      0.291694E-03
   0.128247      0.291519E-03
   0.134318      0.285397E-03
   0.140447      0.279952E-03
   0.146625      0.268831E-03
   0.152849      0.271491E-03
   0.159113      0.260772E-03
   0.165412      0.258095E-03
   0.171745      0.249690E-03
   0.178107      0.249403E-03
   0.184496      0.243139E-03
   0.190909      0.237949E-03
   0.197346      0.233944E-03
   0.203803      0.230797E-03
   0.210279      0.223335E-03
   0.216774      0.224577E-03
   0.223285      0.213690E-03
   0.229812      0.215709E-03
   0.236353      0.209931E-03
   0.242908      0.205872E-03
   0.249477      0.203434E-03
   0.256057      0.199170E-03
   0.262648      0.194075E-03
   0.269251      0.195222E-03
   0.275863      0.187719E-03
   0.282486      0.188632E-03
   0.289117      0.181670E-03
   0.295757      0.181197E-03
   0.302406      0.178856E-03
   0.309063      0.172100E-03
   0.315727      0.173844E-03
   0.322398      0.168188E-03
   0.329076      0.169370E-03
   0.335761      0.162356E-03
   0.342452      0.162736E-03
   0.349149      0.158889E-03
   0.355852      0.158030E-03
   0.362560      0.152178E-03
   0.369273      0.153251E-03
   0.375992      0.150833E-03
   0.382715      0.147583E-03
   0.389443      0.147120E-03
   0.396176      0.142659E-03
   0.402913      0.141740E-03
   0.409653      0.139618E-03
   0.416398      0.137482E-03
   0.423147      0.136582E-03
   0.429899      0.133947E-03
   0.436655      0.133715E-03
   0.443414      0.131069E-03
   0.450176      0.454059E-03
   0.456941      0.182674E-02
   0.463710      0.255454E-02
   0.470481      0.267545E-02
   0.477255      0.258540E-02
   0.484032      0.250750E-02
   0.490811      0.244723E-02
   0.497592      0.239476E-02
   0.504376      0.235797E-02
   0.511162      0.232525E-02
   0.517950      0.230055E-02
   0.524741      0.227580E-02
   0.531533      0.225576E-02
   0.538327      0.223054E-02
   0.545122      0.221647E-02
   0.551920      0.219489E-02
   0.558719      0.218133E-02
   0.565519      0.216330E-02
   0.572321      0.214972E-02
   0.579125      0.213605E-02
   0.585929      0.212225E-02
   0.592735      0.210937E-02
   0.599542      0.209470E-02
   0.606350      0.208649E-02
   0.613159      0.207312E-02
   0.619969      0.206117E-02
   0.626780      0.205412E-02
   0.633591      0.203889E-02
   0.640404      0.202930E-02
   0.647217      0.202302E-02
   0.654030      0.201158E-02
   0.660845      0.200149E-02
   0.667659      0.199161E-02
   0.674474      0.198383E-02
   0.681289      0.197638E-02
   0.688105      0.196881E-02
   0.694921      0.195719E-02
   0.701737      0.194952E-02
   0.708553      0.194128E-02
   0.715369      0.193629E-02
   0.722185      0.192455E-02
   0.729001      0.191710E-02
   0.735816      0.191151E-02
   0.742632      0.189828E-02
   0.749447      0.189452E-02
   0.756262      0.188530E-02
   0.763076      0.187846E-02
   0.769890      0.187379E-02
   0.776704      0.185894E-02
   0.783517      0.185338E-02
   0.790329      0.184910E-02
   0.797140      0.183934E-02
   0.803951      0.182676E-02
   0.810760      0.182486E-02
   0.817569      0.181142E-02
   0.824376      0.180570E-02
   0.831182      0.179701E-02
   0.837986      0.178580E-02
   0.844789      0.177836E-02
   0.851589      0.176665E-02
   0.858386      0.176236E-02
   0.865181      0.174820E-02
   0.871971      0.173833E-02
   0.878756      0.172660E-02
   0.885535      0.171935E-02
   0.892305      0.170440E-02
   0.899065      0.169572E-02
   0.905810      0.168093E-02
   0.912537      0.166212E-02
   0.919240      0.165451E-02
   0.925909      0.163463E-02
   0.932536      0.162028E-02
   0.939107      0.160207E-02
   0.945603      0.158151E-02
   0.952006      0.156113E-02
   0.958287      0.153613E-02
   0.964418      0.151513E-02
   0.970366      0.148371E-02
   0.976097      0.145036E-02
   0.981577      0.141713E-02
   0.986778      0.137651E-02
   0.991681      0.132367E-02
   0.996272      0.126107E-02
    1.00000      0.127067E-02
    1.00010       0.00000    
    1.00386       0.00000    
    1.00795       0.00000    
    1.01237       0.00000    
    1.01717       0.00000    
    1.02237       0.00000    
    1.02800       0.00000    
    1.03412       0.00000    
    1.04074       0.00000    
    1.04792       0.00000    
    1.05571       0.00000    
    1.06415       0.00000    
    1.07330       0.00000    
    1.08322       0.00000    
    1.09398       0.00000    
    1.10564       0.00000    
    1.11828       0.00000    
    1.13198       0.00000    
    1.14683       0.00000    
    1.16293       0.00000    
    1.18038       0.00000    
    1.19930       0.00000    
    1.21981       0.00000    
    1.24205       0.00000    
    1.26615       0.00000    
    1.29227       0.00000    
    1.32059       0.00000    
    1.35129       0.00000    
    1.38457       0.00000    
    1.42064       0.00000    
    1.45974       0.00000    
    1.50212       0.00000    
    1.54806       0.00000    
    1.59786       0.00000    
    1.65184       0.00000    
    1.71035       0.00000    
    1.77378       0.00000    
    1.84252       0.00000    
    1.91704       0.00000    
    1.99781       0.00000    

   0.139271E-01  0.202899E-04
   0.124827E-01  0.936230E-04
   0.111286E-01  0.212017E-03
   0.986070E-02  0.293433E-03
   0.867563E-02  0.446519E-03
   0.757065E-02  0.588647E-03
   0.654359E-02  0.749710E-03
   0.559290E-02  0.972204E-03
   0.471748E-02  0.111901E-02
   0.391678E-02  0.143251E-02
   0.319047E-02  0.166347E-02
   0.253888E-02  0.192484E-02
   0.196214E-02  0.226241E-02
   0.146070E-02  0.248429E-02
   0.103465E-02  0.285463E-02
   0.683894E-03  0.314625E-02
   0.407626E-03  0.325825E-02
   0.204481E-03  0.368952E-02
   0.722383E-04  0.357861E-02
   0.789843E-05  0.395688E-02
   0.790220E-05  0.385643E-02
   0.722497E-04  0.409750E-02
   0.204500E-03  0.380487E-02
   0.407652E-03  0.404060E-02
   0.683929E-03  0.375819E-02
   0.103469E-02  0.341654E-02
   0.146075E-02  0.337027E-02
   0.196225E-02  0.304728E-02
   0.253894E-02  0.273852E-02
   0.319060E-02  0.252774E-02
   0.391685E-02  0.212567E-02
   0.471755E-02  0.193805E-02
   0.559298E-02  0.172318E-02
   0.654375E-02  0.148210E-02
   0.757082E-02  0.117907E-02
   0.867572E-02  0.104698E-02
   0.986079E-02  0.873378E-03
   0.111287E-01  0.710524E-03
   0.124828E-01  0.591428E-03
   0.139273E-01  0.392566E-02
   0.154667E-01  0.116309E-01
   0.171064E-01  0.133047E-01
   0.188526E-01  0.123130E-01
   0.207121E-01  0.113234E-01
   0.226926E-01  0.106889E-01
   0.248022E-01  0.101269E-01
   0.270499E-01  0.968358E-02
   0.294451E-01  0.925024E-02
   0.319978E-01  0.893493E-02
   0.347180E-01  0.852565E-02
   0.376159E-01  0.823220E-02
   0.407013E-01  0.789994E-02
   0.439829E-01  0.764559E-02
   0.474684E-01  0.735677E-02
   0.511635E-01  0.710414E-02
   0.550716E-01  0.686639E-02
   0.591935E-01  0.665097E-02
   0.635270E-01  0.643421E-02
   0.680666E-01  0.624630E-02
   0.728042E-01  0.604891E-02
   0.777291E-01  0.588576E-02
   0.828286E-01  0.572141E-02
   0.880886E-01  0.556192E-02
   0.934950E-01  0.542882E-02
   0.990332E-01  0.528834E-02
   0.104689      0.516337E-02
   0.110450      0.504662E-02
   0.116303      0.493044E-02
   0.122239      0.482783E-02
   0.128247      0.473172E-02
   0.134318      0.463324E-02
   0.140447      0.454000E-02
   0.146625      0.446137E-02
   0.152849      0.437704E-02
   0.159113      0.430339E-02
   0.165413      0.423067E-02
   0.171745      0.415830E-02
   0.178107      0.408962E-02
   0.184496      0.402671E-02
   0.190909      0.396789E-02
   0.197346      0.390744E-02
   0.203803      0.384653E-02
   0.210279      0.378995E-02
   0.216774      0.374209E-02
   0.223285      0.369248E-02
   0.229812      0.363743E-02
   0.236353      0.359344E-02
   0.242908      0.354403E-02
   0.249476      0.350127E-02
   0.256056      0.345316E-02
   0.262648      0.341369E-02
   0.269250      0.337145E-02
   0.275863      0.333001E-02
   0.282485      0.329066E-02
   0.289117      0.325580E-02
   0.295757      0.321584E-02
   0.302406      0.317811E-02
   0.309062      0.314436E-02
   0.315726      0.310984E-02
   0.322397      0.307472E-02
   0.329076      0.304330E-02
   0.335760      0.300892E-02
   0.342451      0.297790E-02
   0.349148      0.294651E-02
   0.355851      0.291735E-02
   0.362559      0.288603E-02
   0.369273      0.285772E-02
   0.375991      0.282821E-02
   0.382715      0.279904E-02
   0.389443      0.277191E-02
   0.396175      0.274670E-02
   0.402912      0.271888E-02
   0.409653      0.269311E-02
   0.416398      0.266724E-02
   0.423147      0.264254E-02
   0.429899      0.261626E-02
   0.436654      0.259132E-02
   0.443414      0.256880E-02
   0.450176      0.254595E-02
   0.456941      0.252049E-02
   0.463710      0.249837E-02
   0.470481      0.247519E-02
   0.477255      0.245498E-02
   0.484031      0.243141E-02
   0.490811      0.240875E-02
   0.497592      0.238875E-02
   0.504376      0.236837E-02
   0.511162      0.234628E-02
   0.517950      0.232715E-02
   0.524740      0.230461E-02
   0.531532      0.228661E-02
   0.538326      0.226584E-02
   0.545122      0.224600E-02
   0.551920      0.222696E-02
   0.558719      0.220924E-02
   0.565519      0.218858E-02
   0.572321      0.217111E-02
   0.579125      0.215073E-02
   0.585929      0.213339E-02
   0.592735      0.211517E-02
   0.599542      0.209657E-02
   0.606350      0.207886E-02
   0.613159      0.206084E-02
   0.619969      0.204422E-02
   0.626780      0.202502E-02
   0.633591      0.200961E-02
   0.640404      0.199085E-02
   0.647217      0.197280E-02
   0.654030      0.195831E-02
   0.660844      0.193986E-02
   0.667659      0.192105E-02
   0.674474      0.190569E-02
   0.681289      0.188819E-02
   0.688105      0.187009E-02
   0.694920      0.185663E-02
   0.701736      0.183720E-02
   0.708552      0.181982E-02
   0.715368      0.180448E-02
   0.722184      0.178597E-02
   0.729000      0.177034E-02
   0.735816      0.175115E-02
   0.742632      0.173609E-02
   0.749447      0.171707E-02
   0.756262      0.170061E-02
   0.763076      0.168391E-02
   0.769890      0.166409E-02
   0.776704      0.164732E-02
   0.783516      0.162983E-02
   0.790329      0.161077E-02
   0.797140      0.159185E-02
   0.803950      0.157396E-02
   0.810760      0.155627E-02
   0.817568      0.153507E-02
   0.824376      0.151730E-02
   0.831182      0.149592E-02
   0.837986      0.147550E-02
   0.844788      0.145398E-02
   0.851588      0.143458E-02
   0.858386      0.141157E-02
   0.865180      0.138902E-02
   0.871971      0.136584E-02
   0.878756      0.134214E-02
   0.885535      0.131747E-02
   0.892305      0.129162E-02
   0.899065      0.126462E-02
   0.905810      0.123892E-02
   0.912537      0.120720E-02
   0.919239      0.117878E-02
   0.925909      0.114713E-02
   0.932536      0.111503E-02
   0.939107      0.107945E-02
   0.945603      0.104310E-02
   0.952006      0.100638E-02
   0.958287      0.966574E-03
   0.964418      0.924576E-03
   0.970366      0.882951E-03
   0.976097      0.838597E-03
   0.981577      0.792500E-03
   0.986778      0.748348E-03
   0.991681      0.702356E-03
   0.996272      0.658252E-03
    1.00000      0.629639E-03
    1.00010       0.00000    
    1.00386       0.00000    
    1.00795       0.00000    
    1.01237       0.00000    
    1.01717       0.00000    
    1.02237       0.00000    
    1.02800       0.00000    
    1.03412       0.00000    
    1.04074       0.00000    
    1.04792       0.00000    
    1.05571       0.00000    
    1.06415       0.00000    
    1.07330       0.00000    
    1.08322       0.00000    
    1.09398       0.00000    
    1.10564       0.00000    
    1.11828       0.00000    
    1.13198       0.00000    
    1.14683       0.00000    
    1.16293       0.00000    
    1.18038       0.00000    
    1.19930       0.00000    
    1.21981       0.00000    
    1.24205       0.00000    
    1.26615       0.00000    
    1.29227       0.00000    
    1.32059       0.00000    
    1.35129       0.00000    
    1.38457       0.00000    
    1.42064       0.00000    
    1.45974       0.00000    
    1.50212       0.00000    
    1.54806       0.00000    
    1.59786       0.00000    
    1.65184       0.00000    
    1.71035       0.00000    
    1.77378       0.00000    
    1.84252       0.00000    
    1.91704       0.00000    
    1.99781       0.00000    

