#  NACA 0012                                       
#  alpha =   0.5000
#  Mach  =   0.0000
#  Reyn  = 10000000
#  Ncrit =  10.0000
#
#    x           cf
   0.790220E-05  0.485210E-03
   0.789843E-05  0.112730E-02
   0.722383E-04  0.160334E-02
   0.204481E-03  0.229402E-02
   0.407626E-03  0.263585E-02
   0.683894E-03  0.317667E-02
   0.103465E-02  0.356535E-02
   0.146070E-02  0.375315E-02
   0.196214E-02  0.388891E-02
   0.253888E-02  0.418815E-02
   0.319047E-02  0.403254E-02
   0.391678E-02  0.415382E-02
   0.471748E-02  0.422362E-02
   0.559290E-02  0.385122E-02
   0.654359E-02  0.392242E-02
   0.757065E-02  0.388564E-02
   0.867563E-02  0.359347E-02
   0.986070E-02  0.342654E-02
   0.111286E-01  0.345675E-02
   0.124827E-01  0.316504E-02
   0.139271E-01  0.305036E-02
   0.154665E-01  0.291174E-02
   0.171063E-01  0.279186E-02
   0.188525E-01  0.261261E-02
   0.207121E-01  0.255698E-02
   0.226926E-01  0.237081E-02
   0.248022E-01  0.227265E-02
   0.270499E-01  0.219527E-02
   0.294451E-01  0.210632E-02
   0.319978E-01  0.191827E-02
   0.347181E-01  0.188602E-02
   0.376160E-01  0.177017E-02
   0.407013E-01  0.169355E-02
   0.439829E-01  0.162448E-02
   0.474683E-01  0.154250E-02
   0.511634E-01  0.144564E-02
   0.550716E-01  0.140474E-02
   0.591936E-01  0.132794E-02
   0.635270E-01  0.125912E-02
   0.680666E-01  0.121746E-02
   0.728042E-01  0.116214E-02
   0.777290E-01  0.109065E-02
   0.828284E-01  0.106375E-02
   0.880886E-01  0.100314E-02
   0.934950E-01  0.984075E-03
   0.990332E-01  0.922450E-03
   0.104689      0.884240E-03
   0.110450      0.861838E-03
   0.116303      0.826868E-03
   0.122239      0.795467E-03
   0.128247      0.761134E-03
   0.134318      0.743718E-03
   0.140447      0.710270E-03
   0.146625      0.685073E-03
   0.152849      0.665325E-03
   0.159113      0.636922E-03
   0.165412      0.625334E-03
   0.171745      0.598714E-03
   0.178107      0.582424E-03
   0.184496      0.559109E-03
   0.190909      0.542394E-03
   0.197346      0.532154E-03
   0.203803      0.510808E-03
   0.210279      0.494654E-03
   0.216774      0.482188E-03
   0.223285      0.462189E-03
   0.229812      0.454716E-03
   0.236353      0.437014E-03
   0.242908      0.425910E-03
   0.249477      0.412440E-03
   0.256057      0.402638E-03
   0.262648      0.388447E-03
   0.269251      0.377539E-03
   0.275863      0.367068E-03
   0.282486      0.360098E-03
   0.289117      0.349655E-03
   0.295757      0.340665E-03
   0.302406      0.334477E-03
   0.309063      0.328033E-03
   0.315727      0.337537E-03
   0.322398      0.346980E-03
   0.329076      0.841953E-03
   0.335761      0.223130E-02
   0.342452      0.359688E-02
   0.349149      0.433354E-02
   0.355852      0.459549E-02
   0.362560      0.464180E-02
   0.369273      0.459323E-02
   0.375992      0.451323E-02
   0.382715      0.441787E-02
   0.389443      0.433842E-02
   0.396176      0.424633E-02
   0.402913      0.417426E-02
   0.409653      0.410381E-02
   0.416398      0.404080E-02
   0.423147      0.398741E-02
   0.429899      0.392643E-02
   0.436655      0.388406E-02
   0.443414      0.383197E-02
   0.450176      0.379137E-02
   0.456941      0.375037E-02
   0.463710      0.370939E-02
   0.470481      0.367485E-02
   0.477255      0.363720E-02
   0.484032      0.360488E-02
   0.490811      0.356893E-02
   0.497592      0.354005E-02
   0.504376      0.350419E-02
   0.511162      0.347669E-02
   0.517950      0.344829E-02
   0.524741      0.341831E-02
   0.531533      0.339042E-02
   0.538327      0.336254E-02
   0.545122      0.333689E-02
   0.551920      0.330921E-02
   0.558719      0.328540E-02
   0.565519      0.325730E-02
   0.572321      0.323527E-02
   0.579125      0.321093E-02
   0.585929      0.318549E-02
   0.592735      0.316136E-02
   0.599542      0.313858E-02
   0.606350      0.311782E-02
   0.613159      0.309265E-02
   0.619969      0.307111E-02
   0.626780      0.305201E-02
   0.633591      0.302387E-02
   0.640404      0.300691E-02
   0.647217      0.298411E-02
   0.654030      0.296403E-02
   0.660845      0.294207E-02
   0.667659      0.292043E-02
   0.674474      0.290320E-02
   0.681289      0.287988E-02
   0.688105      0.286109E-02
   0.694921      0.283990E-02
   0.701737      0.281936E-02
   0.708553      0.279973E-02
   0.715369      0.278066E-02
   0.722185      0.275935E-02
   0.729001      0.274018E-02
   0.735816      0.271836E-02
   0.742632      0.269976E-02
   0.749447      0.268069E-02
   0.756262      0.265910E-02
   0.763076      0.263991E-02
   0.769890      0.262196E-02
   0.776704      0.259770E-02
   0.783517      0.257730E-02
   0.790329      0.255693E-02
   0.797140      0.253667E-02
   0.803951      0.251412E-02
   0.810760      0.249582E-02
   0.817569      0.246951E-02
   0.824376      0.245012E-02
   0.831182      0.242718E-02
   0.837986      0.240205E-02
   0.844789      0.237928E-02
   0.851589      0.235537E-02
   0.858386      0.233200E-02
   0.865181      0.230335E-02
   0.871971      0.227857E-02
   0.878756      0.225021E-02
   0.885535      0.222270E-02
   0.892305      0.219167E-02
   0.899065      0.216497E-02
   0.905810      0.212931E-02
   0.912537      0.209411E-02
   0.919240      0.206209E-02
   0.925909      0.202168E-02
   0.932536      0.198261E-02
   0.939107      0.194041E-02
   0.945603      0.189444E-02
   0.952006      0.184703E-02
   0.958287      0.179420E-02
   0.964418      0.174033E-02
   0.970366      0.167897E-02
   0.976097      0.161480E-02
   0.981577      0.154614E-02
   0.986778      0.147282E-02
   0.991681      0.139510E-02
   0.996272      0.131260E-02
    1.00000      0.127461E-02
    1.00010       0.00000    
    1.00386       0.00000    
    1.00795       0.00000    
    1.01237       0.00000    
    1.01717       0.00000    
    1.02237       0.00000    
    1.02801       0.00000    
    1.03412       0.00000    
    1.04075       0.00000    
    1.04793       0.00000    
    1.05572       0.00000    
    1.06416       0.00000    
    1.07332       0.00000    
    1.08324       0.00000    
    1.09400       0.00000    
    1.10567       0.00000    
    1.11832       0.00000    
    1.13203       0.00000    
    1.14689       0.00000    
    1.16301       0.00000    
    1.18048       0.00000    
    1.19942       0.00000    
    1.21995       0.00000    
    1.24221       0.00000    
    1.26635       0.00000    
    1.29251       0.00000    
    1.32088       0.00000    
    1.35164       0.00000    
    1.38498       0.00000    
    1.42112       0.00000    
    1.46031       0.00000    
    1.50280       0.00000    
    1.54885       0.00000    
    1.59879       0.00000    
    1.65293       0.00000    
    1.71162       0.00000    
    1.77524       0.00000    
    1.84423       0.00000    
    1.91901       0.00000    
    2.00009       0.00000    

   0.722497E-04  0.567028E-04
   0.204500E-03  0.658626E-03
   0.407652E-03  0.124905E-02
   0.683929E-03  0.169028E-02
   0.103469E-02  0.223687E-02
   0.146075E-02  0.256557E-02
   0.196225E-02  0.272970E-02
   0.253894E-02  0.326024E-02
   0.319060E-02  0.319956E-02
   0.391685E-02  0.333992E-02
   0.471755E-02  0.347239E-02
   0.559298E-02  0.342157E-02
   0.654375E-02  0.333220E-02
   0.757082E-02  0.341696E-02
   0.867572E-02  0.320502E-02
   0.986079E-02  0.327444E-02
   0.111287E-01  0.301754E-02
   0.124828E-01  0.307194E-02
   0.139273E-01  0.279252E-02
   0.154667E-01  0.288909E-02
   0.171064E-01  0.262728E-02
   0.188526E-01  0.254834E-02
   0.207121E-01  0.251468E-02
   0.226926E-01  0.234553E-02
   0.248022E-01  0.224445E-02
   0.270499E-01  0.220234E-02
   0.294451E-01  0.206569E-02
   0.319978E-01  0.196742E-02
   0.347180E-01  0.191394E-02
   0.376159E-01  0.182904E-02
   0.407013E-01  0.173533E-02
   0.439829E-01  0.163517E-02
   0.474684E-01  0.163769E-02
   0.511635E-01  0.147645E-02
   0.550716E-01  0.147227E-02
   0.591935E-01  0.138323E-02
   0.635270E-01  0.133443E-02
   0.680666E-01  0.126489E-02
   0.728042E-01  0.122414E-02
   0.777291E-01  0.116961E-02
   0.828286E-01  0.112157E-02
   0.880886E-01  0.106894E-02
   0.934950E-01  0.105251E-02
   0.990332E-01  0.979085E-03
   0.104689      0.957014E-03
   0.110450      0.925079E-03
   0.116303      0.884883E-03
   0.122239      0.866559E-03
   0.128247      0.823672E-03
   0.134318      0.800487E-03
   0.140447      0.769285E-03
   0.146625      0.747834E-03
   0.152849      0.724453E-03
   0.159113      0.703821E-03
   0.165413      0.682819E-03
   0.171745      0.654047E-03
   0.178107      0.640709E-03
   0.184496      0.620715E-03
   0.190909      0.603212E-03
   0.197346      0.582709E-03
   0.203803      0.567956E-03
   0.210279      0.551131E-03
   0.216774      0.535761E-03
   0.223285      0.525666E-03
   0.229812      0.505847E-03
   0.236353      0.493518E-03
   0.242908      0.481929E-03
   0.249476      0.463447E-03
   0.256056      0.456598E-03
   0.262648      0.442587E-03
   0.269250      0.430695E-03
   0.275863      0.419018E-03
   0.282485      0.408106E-03
   0.289117      0.395567E-03
   0.295757      0.387148E-03
   0.302406      0.379475E-03
   0.309062      0.366066E-03
   0.315726      0.356736E-03
   0.322397      0.349562E-03
   0.329076      0.335569E-03
   0.335760      0.333300E-03
   0.342451      0.324163E-03
   0.349148      0.315945E-03
   0.355851      0.305456E-03
   0.362559      0.301094E-03
   0.369273      0.295023E-03
   0.375991      0.287378E-03
   0.382715      0.282512E-03
   0.389443      0.283967E-03
   0.396175      0.283179E-03
   0.402912      0.299315E-03
   0.409653      0.652808E-03
   0.416398      0.169913E-02
   0.423147      0.295695E-02
   0.429899      0.375660E-02
   0.436654      0.411905E-02
   0.443414      0.423445E-02
   0.450176      0.423929E-02
   0.456941      0.419092E-02
   0.463710      0.411431E-02
   0.470481      0.404600E-02
   0.477255      0.397498E-02
   0.484031      0.390744E-02
   0.490811      0.384381E-02
   0.497592      0.378339E-02
   0.504376      0.373022E-02
   0.511162      0.368144E-02
   0.517950      0.363645E-02
   0.524740      0.359010E-02
   0.531532      0.355209E-02
   0.538326      0.351667E-02
   0.545122      0.347658E-02
   0.551920      0.344535E-02
   0.558719      0.341526E-02
   0.565519      0.338248E-02
   0.572321      0.335068E-02
   0.579125      0.332351E-02
   0.585929      0.329580E-02
   0.592735      0.326654E-02
   0.599542      0.324273E-02
   0.606350      0.321461E-02
   0.613159      0.319366E-02
   0.619969      0.316652E-02
   0.626780      0.314286E-02
   0.633591      0.311871E-02
   0.640404      0.309620E-02
   0.647217      0.307364E-02
   0.654030      0.305127E-02
   0.660844      0.302897E-02
   0.667659      0.300557E-02
   0.674474      0.298414E-02
   0.681289      0.296328E-02
   0.688105      0.294210E-02
   0.694920      0.292294E-02
   0.701736      0.290073E-02
   0.708552      0.287983E-02
   0.715368      0.286102E-02
   0.722184      0.283655E-02
   0.729000      0.281976E-02
   0.735816      0.279635E-02
   0.742632      0.278040E-02
   0.749447      0.275640E-02
   0.756262      0.273994E-02
   0.763076      0.271808E-02
   0.769890      0.269329E-02
   0.776704      0.267699E-02
   0.783516      0.265620E-02
   0.790329      0.263524E-02
   0.797140      0.261373E-02
   0.803950      0.259090E-02
   0.810760      0.257423E-02
   0.817568      0.254790E-02
   0.824376      0.253031E-02
   0.831182      0.250501E-02
   0.837986      0.248388E-02
   0.844788      0.245843E-02
   0.851588      0.243850E-02
   0.858386      0.240982E-02
   0.865180      0.238704E-02
   0.871971      0.236124E-02
   0.878756      0.233551E-02
   0.885535      0.230735E-02
   0.892305      0.227664E-02
   0.899065      0.224762E-02
   0.905810      0.221791E-02
   0.912537      0.218206E-02
   0.919239      0.214942E-02
   0.925909      0.211304E-02
   0.932536      0.207541E-02
   0.939107      0.203285E-02
   0.945603      0.198824E-02
   0.952006      0.194330E-02
   0.958287      0.189099E-02
   0.964418      0.183658E-02
   0.970366      0.177699E-02
   0.976097      0.171430E-02
   0.981577      0.164079E-02
   0.986778      0.157090E-02
   0.991681      0.148740E-02
   0.996272      0.140055E-02
    1.00000      0.136516E-02
    1.00010       0.00000    
    1.00386       0.00000    
    1.00795       0.00000    
    1.01237       0.00000    
    1.01717       0.00000    
    1.02237       0.00000    
    1.02801       0.00000    
    1.03412       0.00000    
    1.04075       0.00000    
    1.04793       0.00000    
    1.05572       0.00000    
    1.06416       0.00000    
    1.07332       0.00000    
    1.08324       0.00000    
    1.09400       0.00000    
    1.10567       0.00000    
    1.11832       0.00000    
    1.13203       0.00000    
    1.14689       0.00000    
    1.16301       0.00000    
    1.18048       0.00000    
    1.19942       0.00000    
    1.21995       0.00000    
    1.24221       0.00000    
    1.26635       0.00000    
    1.29251       0.00000    
    1.32088       0.00000    
    1.35164       0.00000    
    1.38498       0.00000    
    1.42112       0.00000    
    1.46031       0.00000    
    1.50280       0.00000    
    1.54885       0.00000    
    1.59879       0.00000    
    1.65293       0.00000    
    1.71162       0.00000    
    1.77524       0.00000    
    1.84423       0.00000    
    1.91901       0.00000    
    2.00009       0.00000    

